0.5347874293949685 0.49139181950528693
0.4953051458071271 0.47912835333941595
0.5111613386075271 0.46635250348990837
0.5129087586874815 0.49021403547683456
0.5627077411432522 0.4795248283940037
0.4782178203505634 0.463908487816742
0.4658499410815847 0.4788781818496481
0.5160392717985273 0.501906413798586
0.5438337449056199 0.4603915441318637
0.487810853550256 0.495926968530488
0.5688218369002681 0.48779577076200603
0.5421887021442284 0.4972285060106405
0.4435691854338681 0.4606779784132914
0.49704058626838515 0.5160330702461652
0.5742849394319782 0.4625917991962926
0.46378814668977925 0.45023833304272487
0.5109043180778726 0.4570937990223212
0.4641104568808871 0.4932531216291328
0.5459657576302862 0.4545614909236185
0.47465633996638 0.5091664593631758
0.5776898336932402 0.45457779303632495
0.5433824788535981 0.5053096445889601
0.5225976359379337 0.5115357049882376
0.45003315085796786 0.48245907509826863
0.45889474424047966 0.5012414022105125
0.5661173770905134 0.4929419864039097
0.603951669100185 0.457831163487389
0.41549785336936235 0.43468980006304736
0.6050102021158568 0.4519645739673508
0.4937869658352207 0.5347083540590263
0.426137820367411 0.45487386440502503
0.481500063017985 0.5280699675895584
0.5227536634971298 0.4556500489040685
0.5668530898905345 0.4566566924112998
0.5903956760969512 0.47159396005867177
0.5506717575823895 0.5039106694101675
0.5271092552315405 0.5196688794289446
0.6125219117778151 0.4511303574190915
0.5241766286133034 0.4686575523564559
0.437927701850327 0.47305078864588623
0.5867075636039744 0.4724021478104151
0.5089137990791729 0.5243314693105081
0.4840215867621007 0.5461558289599726
0.4486388983414963 0.49275320339347206
0.4689077877792131 0.5204134530931936
0.43696583856907223 0.45613990850291913
0.4761807226594052 0.5399810219560573
0.6057619778260502 0.4660588882913788
0.43299518738527465 0.4678611236480147
0.42053402087981423 0.44638542812815235
0.6142674403181417 0.44854488170442514
0.6391616095997626 0.4403796337205789
0.4866760130712924 0.5023688336420588
0.5612416413354532 0.4930360090372614
0.5438089786551674 0.5101539964156444
0.44368663439682476 0.4867787960730577
0.45957119121967 0.512417783216901
0.4010112806076244 0.425034177861577
0.5051145070195723 0.5369043863221367
0.657749737874818 0.44676678238342615
0.588242825794834 0.5034964469633543
0.5731678718736212 0.47878653539388866
0.4918874519171267 0.5498302186340612
0.44007436662273225 0.4679823224910726
0.4208438225054282 0.44244363220137284
0.45421781745026 0.5057313265540703
0.3935144648606959 0.4710847064346508
0.5282427110284279 0.5230237357252522
0.5140169359653831 0.5346620805691841
0.3839980172173997 0.4044722231730263
0.3794636274055343 0.4306816046587793
0.47565892253685854 0.5514551479282785
0.5515220977733386 0.4956775510911272
0.6011369906103481 0.4515950145439666
0.5446360194396199 0.5087366104389069
0.4804533635029337 0.5583146620208694
0.5648959053439122 0.577759469357201
0.40034688093789134 0.41627494213184846
0.5402554885899442 0.5088661712869263
0.6408272270323253 0.4154803579613282
0.44624137465313185 0.4862092170523886
0.4523757079909889 0.5007078763439362
0.4691089778963213 0.5319611026146062
0.5582334389754894 0.48703952522844796
0.645288691948685 0.42833768797952315
0.4991369864038039 0.5522737438168113
0.6659025864653326 0.4770036994937354
0.4851903430512388 0.559340734651266
0.4424555759548652 0.4652443759401373
0.4570222036728041 0.47475531432303175
0.3497023088895899 0.385391273777737
0.4259553645268397 0.5401441443323417
0.5137460550738177 0.5372574090307366
0.6851235473243067 0.41571107846354954
0.6700923979877724 0.5312769343141868
0.4837894772135572 0.5730123840353131
0.45295906268930936 0.4732128335378017
0.4077259469334939 0.42160806482943425
0.4641939235662555 0.524750622737206
0.3303855864381031 0.48058557011597475
0.5326200080628557 0.5091767924393025
0.5273553293331313 0.5231650241778775
0.7117495776963048 0.43914572156374243
0.7375240952264531 0.4801281866152793
0.6265269141683298 0.7129174980874935
0.45562905805464876 0.4777280789523998
0.4553978741310493 0.47907671356958725
0.4488933771957502 0.47220302945249937
0.37246057545471395 0.3712427269310498
0.4624913649347116 0.5202228564130659
0.33912509273343766 0.33870894002331775
0.3354146723582058 0.42321969365246137
0.46169074130557114 0.6408677151026946
0.4803831262767339 0.57029788371914
0.5437623475739675 0.4958094537325203
0.6447407005869735 0.3988281699680419
0.4642331433189392 0.48004987693560625
0.4606215233281014 0.4792587153311732
0.4617660632938401 0.4835575186145249
0.45543486436032304 0.4789579570690684
0.44769251154522227 0.46874711650113693
0.4393976574375447 0.4598065807935741
0.4240934661754599 0.43988210951251155
0.394875224961761 0.40036699643679324
0.4717778542652763 0.5424384485068005
0.5383391672658411 0.49368547297404025
0.5880860584661559 0.4553734094202861
0.6707390351127656 0.3997356589418308
0.48920965816417866 0.5622440494408971
0.6993625533754679 0.6094920333388245
0.45963067400941343 0.47012489822513104
0.4605713809746761 0.48347646122009497
0.4581063386727291 0.4796220169082735
0.45855338294813375 0.5069136025403281
0.4071067009975024 0.41228878489919474
0.34428919166002797 0.5664068437180463
0.5745016352594358 0.47243500971393054
0.6647796076140123 0.37389165891669274
0.46479381998086006 0.4839015761795894
0.46624200705880453 0.4865344812297594
0.4645947778175678 0.4859490506996692
0.45765160754574735 0.4764931816237249
0.4455387505948485 0.4611934490708057
0.4346215026100598 0.44982474601574657
0.42048371432677384 0.42691191604353856
0.4083654300601421 0.40343564929398157
0.3165797780709636 0.33852558015563716
0.2780308140050502 0.4102516302760382
0.4767253239398241 0.5572833842513752
0.5593859567069974 0.4837601311480141
0.5486746775347252 0.4911809607521964
0.5980654437680675 0.43937254490254984
0.619548579944157 0.4214453486052714
0.5253143938578426 0.5226830368330573
0.5038927798967981 0.5497289392718494
0.7594786180812377 0.42850910927563857
0.7451901308539332 0.540286401190732
0.4585712921275885 0.4478140119852237
0.46826177346484577 0.48925617714070013
0.46380952481213444 0.48286006299372497
0.44967637609724753 0.4627888471829586
0.4315956857958619 0.4397203281470228
0.3943459422414828 0.3845357464759351
0.4689935602113207 0.5355233566887053
0.3626186754065568 0.6619060625815084
0.5333804829576297 0.49667340302214924
0.5432820326547466 0.47800855139789195
0.5399049229669115 0.4950800036696322
0.5419702402780703 0.4943655641530088
0.5521966145038266 0.4868564900210198
0.5674767752484523 0.47485889211454496
0.5804116016786233 0.45694611212274755
0.514165628053868 0.5369085594529163
0.48902391317531013 0.5715806238858975
0.7897738242474033 0.5004905252028933
0.482875962560683 0.5862049037510217
0.4656800082925527 0.48201292490018705
0.4633987194833022 0.47494651303725877
0.46769790512622256 0.48652863364669247
0.456576491087147 0.4714336904716648
0.43739344752747544 0.4424227780550196
0.42093869767236797 0.41578391116615204
0.4557462213157643 0.49116710052554424
0.353127472193037 0.311279705938526
0.4706765711715978 0.5382707594280954
0.30226719804102087 0.36732189101666873
0.242873128054029 0.4756146869216255
0.4792494017356616 0.5665676688113219
0.4821580647479788 0.582315406562853
0.5394721763650907 0.493010137459977
0.5428821835504374 0.492070168860315
0.5449215266233691 0.4902664467592636
0.5520126587211217 0.48404364804425776
0.5610957217758187 0.47812424704833983
0.5150817290463123 0.5340793605890161
0.7373541623622973 0.3950504446203782
0.4653030311884583 0.4781638869599913
0.4689296150508518 0.48714572225628366
0.4691399656701681 0.488615146822135
0.44765544702344734 0.4533201190688359
0.4742517265187554 0.5493306035603585
0.5402626856684013 0.48698905030221573
0.5172239255614283 0.5264969559570005
0.5398982412115957 0.4900635958217314
0.5422695488763452 0.48919785822280726
0.5459298227414676 0.48746319207929995
0.5651330631822805 0.471547152269494
0.5723109260672178 0.4676563444710668
0.5898505721969541 0.4415983712987478
0.7031170149867542 0.37466019261896744
0.49527545197328565 0.5642937419366437
0.7885586216500735 0.44941861266073013
0.48493206462720423 0.5832889694469627
0.7617211375085139 0.7127957349910787
0.4588012835341973 0.45961041675322883
0.46786330450004715 0.48419599229671206
0.46857758667308397 0.4866505749667624
0.46001872303458363 0.473398506907371
0.4061584075531455 0.38166715800340856
0.5408864257590935 0.48534464169849334
0.5416233466500985 0.4859397859042581
0.640851382329815 0.39393573851532954
0.8139499793627712 0.5805751578673158
0.4602778511863867 0.46502321343163405
0.46605650094539947 0.49743091259258876
0.4177719857949498 0.4002502735000816
0.4669064909263947 0.514942546129166
0.3843955303374613 0.34425563266194115
0.4762861797371689 0.5522734877467299
0.5434435862646928 0.4810347961523599
0.5445508538173819 0.4835558311553675
0.5485156458101242 0.48180950679679085
0.5501378821827819 0.4829260875302913
0.557953051442762 0.4751694476587675
0.5722835126952828 0.45976935772561234
0.6079425543269437 0.42248307940100743
0.6256006787079921 0.40123368345112576
0.6413082882117903 0.3815354349557105
0.7461571097068953 0.3370951096375748
0.5034643693646336 0.5522439859584424
0.48360132676943973 0.5931900276835022
0.45486867608239656 0.45100629216259686
0.46506388979243146 0.4799089365164696
0.4537047669040833 0.4594436415834395
0.429784177845092 0.4182977586160569
0.46858066095454554 0.5289987503479766
0.2710559910392278 0.5958749144777824
0.5290539485491486 0.4975824506510393
0.5397472860127476 0.48063687924581233
0.5449256102037322 0.4775908943259034
0.5549508050463371 0.46025740189968645
0.5485163617307365 0.4730032975343588
0.5461864707861258 0.47882835669074464
0.5977571865062047 0.42709085665928864
0.6107517114633969 0.4092298138255896
0.48822592571928897 0.5814556699410584
0.45685803343896353 0.4585404516886269
0.4618625394311739 0.4712412682557413
0.47520913541626225 0.5392394524095688
0.40912884797841886 0.3456354479155286
0.5077725993976908 0.5418344389585786
0.5549793519399525 0.46425689631979805
0.5524263256288121 0.4730190061398293
0.5535754751350584 0.47771843780758777
0.5615860723890411 0.4663945980582082
0.5812962004828286 0.44335199486113325
0.7006607502823621 0.3376792570011521
0.8422740743822318 0.45526157116210003
0.4669309682302874 0.47944598629558033
0.44805789870814444 0.4279341061101512
0.44947067705164195 0.44183790411802865
0.4545335183866963 0.45704834783244486
0.4593293490003397 0.4687465412201843
0.4324229695066989 0.4133451666098956
0.1984153200871986 0.535811308966068
0.4671448389903829 0.7814164984251588
0.499004719638291 0.5614394233529111
0.5511444666168258 0.47139995673781476
0.5536279365456115 0.4676164687673629
0.5567595106166232 0.4635910260735331
0.560305365859031 0.4640110683484949
0.5023533646636578 0.5548509743708282
0.6241590878403115 0.38761606404934634
0.6432591662938713 0.35959958777686024
0.6725577890763934 0.32672674180630595
0.7966860494651223 0.3880103448500231
0.8462347548960317 0.3915317962022825
0.4847263470453665 0.5915798958552273
0.44363812681367926 0.43717172098053003
0.42512009244824644 0.39881526250335386
0.4178215912151623 0.38730083431218393
0.3785417283417585 0.2814198967711936
0.3390659861060794 0.2503264677737283
0.32092895742827926 0.3002861633698936
0.25981038250136196 0.3413935197322968
0.15366160705045037 0.45983032302028376
0.4813495327879843 0.5728302315998063
0.2902050162795803 0.7203869966679858
0.5521534289105222 0.4537372998408602
0.5644537099027837 0.4505674819438225
0.5592441458078365 0.4591083477668945
0.5544344078315085 0.46788027788537173
0.5601160239327544 0.46147003400901815
0.5694554792434738 0.4521267083176196
0.5956379999603804 0.421589982947183
0.4947930041279847 0.5689439899015624
0.47283078925860667 0.5027399602865251
0.4385866018329921 0.4167295647942517
0.4292138848786743 0.39835411796600034
0.422084011850221 0.3823832766992253
0.4320518846240317 0.3858948490896396
0.291410917549584 0.3131171804085299
0.23178981020596598 0.38116254091623664
0.1756390672028156 0.3753191185450627
0.4833361453526719 0.5857953088689639
0.5675765453528003 0.45031555958389546
0.5815999743027475 0.4353592461469082
0.60700343628587 0.40230968430316927
0.4944314957987379 0.571029970960781
0.6383374373885776 0.31978861758423827
0.7067865223041008 0.2886849860867974
0.7992122075600592 0.31148624606920167
0.4863298013240444 0.589910816496391
0.4707283990185752 0.4637262501449112
0.2990726631498393 0.26013848523766864
0.5034989341195039 0.5522598918793519
0.5761895031946619 0.4272305849226947
0.576087161544907 0.43699570071370325
0.5615537414126435 0.4571036258291271
0.5737065306332733 0.44368194853082604
0.5913389800110219 0.41693067484507373
0.6086058661510876 0.3822305836932168
0.8353187105720948 0.34690831306280384
0.36911767701939446 0.22555037150236878
0.2196007702191196 0.3075375074248702
0.47997097487674045 0.5594909878482398
0.2617083870094093 1.0
0.48447994746899625 0.5916020327535888
0.5155828188046366 0.5188544761041258
0.5799580240735466 0.39897700551860704
0.48996439334495173 0.5819466411378547
0.8077921439444777 0.9504335691859219
0.4747704366311371 0.5230410996198048
0.41098202584671467 0.28335148854819775
0.13512064144681385 0.5340728517701935
0.2130368366206341 0.6113772967883256
0.5357655042621332 0.47371156435387973
0.4951487702672907 0.5709174911730631
0.8966449535311269 0.5141341674231271
0.853808012820485 0.7096801984698156
0.48464910320411997 0.5953383687571127
0.4339234832801547 0.3409766465553425
0.3532850158166503 0.1931151824694559
0.26301977554378897 0.28093036653082026
0.48322460949625784 0.5745206978818982
0.08302663473602169 0.445892077218774
0.17937743838051376 0.6693034216520738
0.5018296052620573 0.552192298453427
0.6034810552239542 0.3543370573181196
0.6709548012886601 0.29800584008230874
0.7550814941449603 0.2872310879509453
0.8699714683794371 0.36808623652218264
0.8693039540388988 0.4078133094010152
0.908064272586323 0.6037177346025018
0.9742266343794652 0.7006533665329907
0.4764979820870243 0.44766505076012925
0.4617694222751308 0.41928749241291013
0.47505806116700494 0.49504632459757786
0.4474330534729722 0.39850169620756115
0.4782685465459571 0.5193492084696213
0.27690131219529673 0.2241196939618847
0.5082703233101874 0.531003553148533
0.49831896991792324 0.5637426618261042
0.8317702808187117 0.3099468808794378
0.3960459530970866 0.23402385406934217
0.3171799787822686 0.20643036404069537
0.48048788865182634 0.5493331649245269
0.0 0.4801457861277272
0.4964383530179286 0.5659826391228459
0.5532794889050022 0.42430677210277506
0.6963177893058978 0.23771468743009713
0.48641144815312876 0.5922823739917044
0.4783285259187209 0.47831589660015866
0.47767836589433177 0.4905178736573036
0.48111980687349154 0.5167359721223758
0.45247660947266444 0.3759625915116432
0.4540142513574774 0.3379451225518486
0.3871345822470668 0.19006004349366262
0.24285133673670936 0.2485328241912339
0.10949109364114305 0.3925998495767071
0.48569475299912956 0.5929789835032978
0.4853324416837923 0.5834810764050097
0.49164848246409715 0.582341143997716
0.5263394690162543 0.4802526816428244
0.49547364498068086 0.570938383760235
0.6618318340714802 0.26611954413699673
0.7364095558343018 0.24702289034294664
0.7787761321439182 0.26507203648935623
0.8527078322191431 0.32283772030490726
0.9119913628170443 0.4187986289659148
0.4839050138480149 0.4731128288083411
0.47951743434081884 0.5340254791578223
0.37514246206552426 0.15583550545432906
0.4894214831218884 0.5857737301449042
0.4871086001800459 0.5912423144383369
0.4802041645751232 0.44097638823009927
0.4789124469989468 0.42795833148213974
0.48238573048402295 0.5417568321403371
0.4384979761801537 0.2809851999200718
0.34206418068060873 0.15388681999464346
0.20989422615563533 0.24083243663016016
0.17444234912598375 0.2957050666430769
0.48412651261520445 0.565333249854779
0.4897301397706727 0.5876300972724818
0.49109767212448474 0.5829529465220235
0.49363909186738136 0.5755740457678197
0.49961630780959454 0.5535854921475313
0.5386104361395704 0.43194756215643193
0.5801055565027399 0.3639304089980137
0.6054404598250547 0.3173549600489613
0.6607495040351794 0.21351168269885382
0.4837944661758028 0.493252116278057
0.48630717229992815 0.4881537887628458
0.4839017599242191 0.4571711586623567
0.46864302425977633 0.3958354213815059
0.41948374806881844 0.24316782564152095
0.4187597797586881 0.2032341367523178
0.2991815399682069 0.16828850278854063
0.023456552373857017 0.36295789955581614
0.4865469169137921 0.5863533553857642
0.4859122386811044 0.5751614980569051
0.4858599972384578 0.601759715535681
0.49112733389927876 0.5827384641572373
0.4925679236551553 0.5781871889695065
0.8306928606930585 0.26695631300384703
1.0 0.5135316546883094
0.4878454141609913 0.48231736174347845
0.4813681832481304 0.5010317986795214
0.2544695835197936 0.19646470709943056
0.48766167303685387 0.5953665289132042
0.4856212596715712 0.6031369743377735
0.6272054180931607 0.28192633271292583
0.7078480259956562 0.19722662662368728
0.7660262660283307 0.22337518871535778
0.4884973413954427 0.5030413012542293
0.4873757429505353 0.46906246600917206
0.48754154691623364 0.46089857097815745
0.48243604789327604 0.44140547589730855
0.47576432218035963 0.35487437728300836
0.4608441616611537 0.3021401597341845
0.11770886782451542 0.3198089457411838
0.4875068542772234 0.5944465926725019
0.4940767721149837 0.571272141619003
0.4881201623663655 0.5889263009814846
0.5100805744673131 0.5173116993377073
0.4904887129597941 0.5832512150709703
0.5781887838756432 0.32251292439467705
0.8880576982954789 0.32901274442597434
0.935878865914369 0.35010183276223755
0.4899424529452976 0.49674578463779634
0.4895004192745243 0.4763923469917328
0.48678581450293684 0.4498492198303487
0.485006806235776 0.448813963329454
0.33165008025480724 0.10282034269341776
0.48334544136645324 0.6126190575623172
0.486787703758471 0.5986054749146194
0.48881465403497865 0.5912276940313608
0.49968419058068514 0.5495770326805266
0.5207907663815347 0.4687441809021727
0.4907872157515086 0.5827886689921291
0.5548390853780302 0.37875583245977595
0.6268391682792389 0.24223799947668037
0.7926986217252742 0.201602477326856
0.49020104055297975 0.5209523363309143
0.49092187257071235 0.5065869649384138
0.48780149801064016 0.527417785593121
0.49090671846982126 0.4911060636436355
0.4913784412372606 0.48145853339145933
0.4845332884764888 0.439428477112781
0.48445147750818784 0.5406140997002054
0.4170012799939975 0.1496268641814116
0.2235477823232253 0.1669059198105193
0.1574982619452325 0.2377649374883045
0.4820659910420283 0.6188940036700796
0.48351450851234945 0.611260094905026
0.48513138650821797 0.6031566907987418
0.48454118998669293 0.6083618374802627
0.49354695801406895 0.5722393508318827
0.5996965972463489 0.2776250852199951
0.9881938149414029 0.4152594960976528
0.492440581628577 0.48820206624917856
0.4918861260389283 0.47802606635642414
0.49022941000969694 0.47072641691125927
0.48773191061145665 0.4501848160484938
0.484769652576758 0.5266174707273696
0.4828947732085519 0.4181133894085193
0.07009919676028425 0.2559362146573148
0.48664962019478636 0.5730556963545537
0.4826788971645294 0.6171131864773794
0.48648487717662664 0.5921453839162335
0.505600981561118 0.5198428015875592
0.5347047244122116 0.41264569114031374
0.5422728851803578 0.371910439939618
0.7460871564349049 0.17244665823497377
0.8351185324945458 0.20255191199094866
0.4916110615316757 0.5205980910177886
0.4930783504767048 0.49312150773909497
0.49214551916486865 0.5011731421368933
0.4924192358178397 0.47977954697737857
0.49115336951894306 0.46947006483541603
0.48892185930716026 0.45960178213963276
0.4851455826873325 0.5588895825885892
0.43852196663265225 0.23173031167015218
0.46031433557653423 0.1928288776652482
0.3819540707287225 0.10943255484813304
0.28009191436439457 0.13578821121707535
0.15117051223184066 0.14826546008205277
0.485007665718269 0.6049959039301235
0.4822132422357577 0.6191939177341939
0.4835301618289825 0.6137515329396027
0.484873228196984 0.6021874508410852
0.48573238387407935 0.60409807875119
0.4875206133878296 0.5809663545325163
0.49654036505737864 0.5573852678544736
0.49037042207228027 0.5841925333649044
0.48902801282555786 0.586963512273113
0.9239588938939833 0.24922159622070983
0.9662406903295793 0.33868893232963854
0.4872781054198214 0.583303270967771
0.48751485582518667 0.5880667744418159
0.4922764279638519 0.5210708684159111
0.49273594175133945 0.5049175410596128
0.48956676429722495 0.5395125470329065
0.4927470937524167 0.4874809489960369
0.49192231672475484 0.4728315837861349
0.48960263229049805 0.4589935080207642
0.4892399217069038 0.4075849750713964
0.47027102176035285 0.1267370476203045
0.4849580208897521 0.6012320951571528
0.4832765826831319 0.6129163744756174
0.4926158717492187 0.5711477340230144
0.48706965020775667 0.5972304178293371
0.48871799670311034 0.5858815185535945
0.5209120112422452 0.43396216259494047
0.5873862125150141 0.23123466323621675
0.6981573097813191 0.146127490006355
0.7823217828676234 0.15214640377052413
0.49238837966605126 0.5128230857387719
0.49130177081302584 0.4703968093851397
0.48698714665126835 0.336262112211249
0.45980978266628497 0.2551263280816813
0.4304967580588114 0.09018245875735117
0.2930867609520939 0.04633915437677867
0.4870102408577923 0.588230074378856
0.48773887701603036 0.5762516445823206
0.48688511067030754 0.5935452610102568
0.4840116153230361 0.6107326094393373
0.49028752545164894 0.5797469023428113
0.5286047157976896 0.3911760334650739
0.5534049599490627 0.3301547087846226
0.5706317584029285 0.2827170060766276
0.49273569068505446 0.4955600780638419
0.48824653764278586 0.5515454936835086
0.48719176072303005 0.5500032054409384
0.4922149478591098 0.48203034356616914
0.48809092671253035 0.4497046385812467
0.4872163964051662 0.5685877230521925
0.4863181948491123 0.589303154254119
0.48800193756529475 0.5893690506359099
0.4993183970551258 0.53580642325775
0.5077839672230211 0.48360380096717576
0.6206779857741408 0.2012448072010991
0.49090242238776083 0.46790729011162047
0.48600009291086826 0.5532663050270644
0.48906227969949706 0.433525961421673
0.4883285805052918 0.36871557926033227
0.4890574385081003 0.5769893609219654
0.4910191925744369 0.5701545478710587
0.48805798358608093 0.5676741491931798
0.48832653627590533 0.5850429280321596
0.4945050632620049 0.5538417959405152
0.5373664611223404 0.3503198635395045
0.7271923079702336 0.1248097886422599
0.844664440566794 0.14611385138052485
0.4905241023112437 0.5399152444213957
0.4919389057060148 0.5199173194055967
0.4921746238933387 0.4911358746669571
0.49503822852620927 0.3420475514626779
0.484174054169083 0.24118487820382342
0.4930552952052061 0.5557702361190745
0.6465033344177779 0.15949276165429016
0.4890730556500224 0.44891895194831377
0.4901571086072726 0.554926266431829
0.4921853694654655 0.5507911837592694
0.492714160009314 0.5244547715089855
0.4914089700310548 0.47086478251934566
0.4940217487312872 0.39259581839803037
0.49342624867323837 0.3715694893380219
0.4919155222676768 0.3557042660083949
0.479757931941224 0.29627450301083263
0.501174607083845 0.2024087936577217
0.487109809042759 0.059639700420888425
0.39713131741688107 0.01049567209363264
0.520185649836143 0.41208725422957143
0.49268743412674504 0.4908912536429118
0.48768007128268187 0.5642326549990447
0.49148013702578663 0.4590474023045612
0.4985651003180306 0.1625983130462072
0.5241767901492334 0.38476616672249386
0.6615619118450581 0.08809794199389756
0.7472782499074905 0.06924192759203014
0.49427091124402944 0.43585828051133635
0.49799302223506886 0.4267081302355917
0.5309540471805286 0.12365203242972157
0.4949316322977305 0.538617306952121
0.4980008920443259 0.5357096601264606
0.5455977981936317 0.2921249664007989
0.49220360896364324 0.442931773003695
0.4983446005693271 0.40162799291491524
0.5095101838616706 0.24292410908523074
0.500862111537572 0.5171243707251445
0.5219721373937971 0.3958903744512461
0.5254278307794663 0.36375097658456435
0.5420258465615012 0.3235750215732184
0.5580659130229507 0.2527291592592202
0.552727606438545 0.21472067629293645
0.5806591817272708 0.17282286522680354
0.5950424185197242 0.1106793127035629
0.5964915981083617 0.056351826542097215
0.4947308402099113 0.45401483762907413
0.49396486297174763 0.4718722773217713
0.497573417089748 0.38242619374094683
0.49460823777203206 0.3151283463027717
0.5315056392973746 0.18076316624265037
0.49438794714990275 0.5249643476771656
0.49767527764724523 0.5285281335649813
0.5036177439886184 0.48344919157624955
0.5165254565645652 0.403324120995494
0.5198875615605797 0.38392506194372117
0.4995003719938337 0.46479279234172505
0.4966955257090314 0.45431788960558006
0.5020865400050103 0.37127822716815695
0.4965484865040981 0.3625263797753332
0.5027105267008853 0.3374050811015822
0.5025199353763333 0.4987623149487924
0.512206559105062 0.43071274459526937
0.531018834762793 0.3245904502224344
0.5541644182995341 0.07034515137934477
0.49431314957135997 0.5013273105066176
0.49581472706144214 0.468751295666673
0.5007414161693123 0.41047334395962787
0.5017799712680902 0.395604388712196
0.46615073132421747 0.0005433953405680189
0.4959117825573415 0.5218007382274292
0.49688816033420447 0.5228302175580768
0.5000607816792249 0.5118356658800228
0.50209829506115 0.4915095770066412
0.503954218945786 0.4556872286638154
0.5014776338330948 0.48141363438534385
0.5108756744477329 0.40580673098051834
0.5174456279383953 0.36752842062644503
0.4973782330638009 0.47702482738086277
0.4998637201108521 0.3535977958510015
0.5256467057197095 0.21750583449332161
0.5613465069317585 0.003535123584069171
0.5227442679450535 0.0
0.5006270765508014 0.4983287667211126
0.49859175624200835 0.5109298929844691
0.518833981985237 0.3429989267614977
0.6104601847432218 0.012723322775835658
0.6711605066982221 0.031765664984755616
0.5049460669676968 0.4165532383660848
0.5071075289083924 0.3894150441619767
0.5034641360745649 0.35556822295277957
0.5111783160803249 0.33153813841444557
0.49825199371006995 0.2794175919039074
0.4958670288722397 0.5069173727416955
0.4972466058857382 0.5085288791513896
0.5135498139535772 0.38521106348952594
0.5095335193865047 0.3601281215738368
0.4957827185754755 0.4868563476944626
0.49887092989606757 0.49101767011799613
0.4970550093451454 0.49423388916047833
0.5337289219544419 0.25483053051013155
0.5067869230481846 0.308502902614823
0.5289401350699464 0.29174849205445963
0.5159353130492573 0.28100401887156506
0.5187667371663363 0.3131283845397792
0.5336465364477812 0.47578362825095216
