0.5803804408353024 0.34138865811515673
0.5678465002283238 0.34659707405707885
0.5703995750358062 0.3570137737286423
0.5740737419612657 0.3417534850945165
0.5889455273337492 0.34453009672326956
0.558480762622855 0.35464280475253696
0.5579953280238918 0.34020664664252304
0.5760112456652203 0.33480601461097836
0.5798186519211416 0.36447449994137826
0.5671199280211185 0.33541567263473154
0.5930120893983383 0.33385138264221587
0.5838617576795729 0.3353007881137454
0.5438465640366821 0.34204897620816466
0.5713635868425686 0.326686026426773
0.5916195640248416 0.3582677046946915
0.5439566046856226 0.3732104441539136
0.5668415264425916 0.36879620761223464
0.5592234850249531 0.3315240187175863
0.5791305535101969 0.37748203686036313
0.5633270500375521 0.32635186918259035
0.5919104962908015 0.37473153843583223
0.5855525130351003 0.32892950952992006
0.5792698009786549 0.3283105291512497
0.5514564383433345 0.33102963284830644
0.5562201201455612 0.3246316751424896
0.59529646862304 0.32328523736729803
0.6057893076489218 0.34781836089759455
0.5203826377008283 0.3403211446538019
0.6042429360472648 0.36749311878262864
0.5715388211323826 0.319142516186587
0.532417949682017 0.32882337919090365
0.566047455689949 0.3202594044410786
0.5692638362033745 0.38596251764647155
0.5878193246942511 0.3934568488595285
0.6026188594066888 0.3315336634337359
0.5890226123033023 0.3255879203362216
0.5825977663389375 0.3216125665006971
0.6088330128738776 0.38722642105238847
0.5685719114697395 0.4168749668539587
0.5422381411094482 0.32612926110643015
0.6048152006560947 0.3215489753265567
0.5762330522080563 0.322540210436038
0.5674571830674385 0.314888823195691
0.5492164231936598 0.3216525368252157
0.5599892236372918 0.3196104593050485
0.5209334064058772 0.4101268277460054
0.5626104212794334 0.31489333806365705
0.60920708829098 0.41847378289132575
0.5338531969691751 0.31697059116015425
0.5217705706195362 0.31866149724065296
0.6141822394739268 0.3311751552894766
0.6230630995271408 0.3694301306510446
0.5444225070446724 0.46825845623598156
0.5978550936002148 0.3147826304008889
0.5886553349631516 0.3202727922553552
0.5426397102347614 0.31626581427838096
0.5541095960453893 0.31763753566403047
0.5033339916139437 0.36692935815358924
0.5763960505954265 0.31695759820127467
0.6367560943725554 0.39978340040044463
0.6044016233720441 0.4686467023666871
0.6047520392609559 0.3123507920942427
0.5717379229979656 0.31354790897942886
0.5263171202892365 0.3035431213298695
0.5135938269341981 0.30577719643215745
0.5486360291890113 0.3142373089147939
0.4838816621359407 0.44201136919543343
0.5852623409391905 0.31544399575413934
0.5803927123073734 0.31488244440613405
0.4932945266199602 0.33604546697216153
0.4814347676559695 0.39348713845621675
0.5600453328548118 0.3101767998637361
0.5986470297014407 0.3072750787216681
0.6141882522396975 0.3161850850722844
0.5910986213344057 0.3154463834731655
0.564502677330489 0.3105360740265589
0.5935966406614097 0.5546639209930387
0.5040600240667511 0.3165478029989314
0.5925230812521236 0.30880942417133567
0.6290511252053413 0.32369337267700765
0.5377374779038772 0.30841960664228446
0.5441584981256692 0.3102016862204847
0.557622245684852 0.3139054877092361
0.6039891618424671 0.30597303266935144
0.6286319431410082 0.3462848655704494
0.5758776040259382 0.31003680074349915
0.648861366141465 0.4448629522570946
0.5683077906137873 0.31097499840114035
0.5161146525409631 0.2957636209085941
0.5294185488292459 0.29074129638167684
0.4600029334368429 0.3483950444330097
0.495150574417646 0.5172352559655019
0.5818309859176867 0.3103739546758125
0.6541263103102505 0.3679853951228423
0.6617508494498777 0.5087527995444852
0.5669906940675018 0.3066113269809385
0.5216554099011459 0.29270547516716633
0.5046437694055477 0.3036328687111816
0.5529750797483426 0.31180428192037846
0.4223270879164748 0.4629897479739406
0.5925583186470267 0.30031047940968886
0.5870005626499692 0.3100965695452945
0.676446517909867 0.4107305892341769
0.7046066760664476 0.4627974224194206
0.6433851028007485 0.7004454027469378
0.5176835584006518 0.29143528213367353
0.515384051694283 0.29110975721672655
0.5137691228202158 0.2919853616669762
0.4786940930601432 0.3080451857230712
0.5487184159948797 0.30787856525488627
0.4487400148984701 0.30884543000382825
0.43902243133866337 0.3999793702423763
0.5100475135286391 0.6243171652827755
0.5616062700033639 0.3056885771062393
0.6002064079571947 0.30144470519086963
0.6323593589257827 0.3131612778835686
0.5185465024247302 0.2863695971883279
0.5188353145445591 0.2887481997012843
0.5164298441581566 0.2888652034236518
0.5136748252934011 0.28990977356659287
0.5118153572489303 0.2901113386491576
0.5118581681292659 0.2930477353991915
0.5086584834179739 0.29653201676855917
0.4960419347732488 0.30336400182154677
0.5560050048128299 0.3093231837609904
0.5985536866212412 0.29623618307491495
0.6142763412880976 0.30684239205823927
0.6455803612010284 0.3376151735815806
0.5708516940342105 0.30930389667271535
0.6960189555151057 0.5949985291957702
0.5215647565738556 0.2860172933158446
0.5146341403967725 0.2887189204538933
0.5127729142210916 0.287639111723181
0.5430620230720629 0.3042196103450925
0.5008658626541288 0.2959570737922067
0.4166284763592363 0.5511755965551487
0.6090193252148463 0.3083595076417564
0.6451942982457815 0.31210741460427743
0.5171333130333489 0.2871123680959567
0.5149101740401738 0.2860826063703798
0.5130000093860726 0.285771541008571
0.5114930923864419 0.285651529554902
0.5098846317161458 0.2872476643018273
0.5089342686192874 0.29085751038168284
0.5046001829053642 0.2907025282011648
0.4993052373326614 0.28887776507215573
0.4267120854833583 0.32103696661213976
0.37769582255234796 0.4001933763240918
0.5579277943062344 0.3067399941153982
0.606963132238651 0.30443566471650496
0.6043489207634472 0.30199260835077946
0.6175986837700452 0.30404905094989143
0.6232231907148638 0.30934354999941677
0.5879804290281578 0.30496217602880066
0.5791451824253248 0.3062447603454586
0.7168209747708744 0.41490922888367804
0.7230203219967735 0.5265524817774662
0.525906708187397 0.27804243812075036
0.5134826839434932 0.2849482590045208
0.5123426578257201 0.28455198689859285
0.509906444257084 0.2846910427670452
0.5067898209948174 0.2875148293873929
0.4919468491640021 0.2926469703675328
0.5527607721115088 0.30786057430882013
0.4167911840405771 0.6494400989387684
0.5930479923464268 0.291509124721527
0.599155852688593 0.29006549748573957
0.6008523133533148 0.2986696845125555
0.6024973621847236 0.29967660097360654
0.60751162556406 0.3014873396318223
0.6099481327681634 0.30438193917681267
0.6140292314342468 0.3023475472944606
0.5833091049351647 0.30555619013857926
0.5713452750033756 0.3053571856542245
0.7564865853451502 0.49195375608691305
0.5642945323794811 0.30197160938772866
0.5169458521272855 0.28550824117782236
0.5182555294020779 0.2844859979415088
0.5131203854422306 0.2839325489802539
0.5110537135013343 0.28402726911841547
0.5074822895116453 0.28428717653075447
0.5030487660850816 0.28449033042266453
0.5363958507336032 0.2993332097664365
0.4547589956302216 0.2794920340098057
0.5514061514444859 0.3048405488116663
0.4087927768082978 0.352804493793806
0.32158416743241536 0.4673500119813428
0.5572831728176142 0.3030553054640344
0.5602017558357496 0.30075107541234525
0.6021529625225931 0.29733372428088645
0.6049273680333261 0.2989547134220118
0.607255949563768 0.29904824927804385
0.6091507325847536 0.2997006615531621
0.6099894108017768 0.3019218076779202
0.5845122800220247 0.3000510828443381
0.697508357785183 0.3740523269542388
0.5158848672484955 0.2835026798878108
0.5147790478149065 0.284369164752822
0.5140416782161213 0.28441850413615494
0.5096199295018259 0.2822569331621564
0.5547004175588521 0.3054692287736403
0.601904307753938 0.2943452006494636
0.5849984254801726 0.2922258426268487
0.6041842900455064 0.2961365794621764
0.6065420071757238 0.29702438779156976
0.6081495429888197 0.29809050007130705
0.6114076034700928 0.30079419480736064
0.6119300706542556 0.3032567918721215
0.6161316179265289 0.3001351186059889
0.6708989013746294 0.3380130836625199
0.575323438361692 0.30365265329506574
0.7488607567597293 0.44182699652235957
0.568029094044674 0.3024734307889098
0.7581223136374535 0.7053170864663918
0.5183367932208025 0.28104421180658506
0.5142805918273483 0.28348485400206824
0.5136783050547601 0.28370556375561157
0.511907534695367 0.2829965292123953
0.4960658005961522 0.2806055630038065
0.6040103600955307 0.2941959641917909
0.6055702846326035 0.29498207164595047
0.6319700442709013 0.3075138581700822
0.796238830170065 0.5742629680183826
0.5155433564248253 0.2811354942836655
0.538509992836899 0.29159405330580973
0.5014538233880687 0.2799215137196711
0.5433311275286264 0.29749426206319557
0.48070906024685056 0.27904179564566983
0.5528204272244829 0.30100451242084997
0.60502422034196 0.29341268005613064
0.6071368629233018 0.29534749961937423
0.6085716737207029 0.2966316640419725
0.6092284956055778 0.29805977597289696
0.6105147607304083 0.2985269534170219
0.6128328957316495 0.2990272557823174
0.6203347788973682 0.3015952808353153
0.6260082481471446 0.3017220682326422
0.6330660659436815 0.30124504530571283
0.7100750049781859 0.32753822483828854
0.5793864058773049 0.3016216125649578
0.5624260402009559 0.29797000475712593
0.5153686205563129 0.2790869461610874
0.5132713084126742 0.2829943056773461
0.511333907473333 0.28130500860207397
0.505645535603385 0.27953714454670137
0.548032347097117 0.3020072277621241
0.33387063905789 0.5857245975052521
0.5883633121416826 0.28367890409381136
0.5946603539943426 0.28655919451500056
0.6033702493811703 0.29211989293906443
0.6044816688662148 0.2887222092833051
0.6056462408095202 0.2919901572714777
0.6065255130222656 0.29379185974852706
0.617794064308224 0.29767369951003575
0.6212542265643729 0.29666272955544876
0.5710007858610855 0.30008277235840625
0.514098151246161 0.2801246674602381
0.5140298320967229 0.28193482692358235
0.5488567510991024 0.29661457557578924
0.4949422309510191 0.2642134798012638
0.5791560099398709 0.28422678538593543
0.6071770797169934 0.2912036098246267
0.6084763703119594 0.29432393214387764
0.6097569020956121 0.2973612361868924
0.6107134319930215 0.29623461596548406
0.6142018345330347 0.29613693616780457
0.6729097098959499 0.30878675282298956
0.8097067271736593 0.4543330361245293
0.5355827038252527 0.28398238094140577
0.5158351948689084 0.2750544774047721
0.5130310743782069 0.27809158137185225
0.5125193432424964 0.280390223365861
0.5126123115561119 0.2819233908965305
0.5075793393767393 0.2763065049582445
0.2594344583850723 0.5287527821001083
0.49473339312333187 0.7729458221280795
0.5740019466735251 0.2778291787647738
0.607300250253496 0.2927071355706741
0.6077463785173268 0.29215403782781624
0.608278262435358 0.29192616233699076
0.6099796036650915 0.29425715022437865
0.5788426381290475 0.2956477662130517
0.6262024746932515 0.2939857727898072
0.635956185913405 0.2909059738404002
0.6549588262311837 0.2880524683491872
0.7566831596566085 0.3851451688726161
0.8080719341866434 0.3960145636939595
0.5665154442161776 0.29835775620493216
0.5100118745121711 0.278973547877451
0.504913786164003 0.27501578347324207
0.5010561964409018 0.2750637728059904
0.4678472207723291 0.24925640843187763
0.42903192159725 0.244508714506278
0.4235327943024459 0.2872667730922803
0.35683122845243986 0.33934642099180623
0.20788450439685838 0.45619400926692205
0.5564444408302512 0.29870058281097567
0.32867611044142214 0.7130395850297659
0.5980750342022902 0.28099154897816153
0.6085547526013629 0.28984244685395066
0.6082342894670058 0.2911075696367139
0.6082310677531894 0.2927915073627087
0.6093548376549118 0.29285440570397275
0.6113749023140108 0.2936277131626072
0.6170492681492266 0.2938534616145663
0.5751870363467595 0.2985905442617348
0.5412023216461861 0.2868205111306379
0.5103547033315347 0.27493505067103835
0.5069725416971753 0.2730896645145665
0.5033166631261758 0.2710962273132063
0.5086992344603367 0.268105649020986
0.3924926079516422 0.30788058191425033
0.31761784765151885 0.37869667914722543
0.237214916182443 0.3750777267576983
0.5591577657408685 0.2971384243166955
0.6102173382077297 0.29160427869564853
0.6135181099928858 0.2924221902439634
0.6201378760902508 0.2911605497071223
0.5749840898084826 0.2952775896090352
0.6355230719113607 0.26782544921021734
0.6834221976423426 0.27822983824850733
0.7642816585929795 0.31818690754998025
0.5690211998186053 0.29689602606571713
0.5370464216259129 0.2751487072449651
0.3894616374098594 0.26184223134836637
0.578510501251909 0.29017894989757664
0.609394740506667 0.2848665787851871
0.6114525655541769 0.2899506293167218
0.6089278205090387 0.29146616406702497
0.6116406368366033 0.2919002164721842
0.6153909014032694 0.2890796880314248
0.6207935257829263 0.28223196981444026
0.7981403014762138 0.35430475828788577
0.4503913513874974 0.22072333078286047
0.29476335377124974 0.3115185362435847
0.55302177219196 0.2963661872773344
0.26170838700940935 1.0
0.5605344318791341 0.2943780923806706
0.5802886325286283 0.2756482879370221
0.6070164898492086 0.2732663355998046
0.5715861257050584 0.2952744148030839
0.8077921439444776 0.9504335691859218
0.5451314273475262 0.2912143055647092
0.4915225077907753 0.23829441545123217
0.1737235202429332 0.529905534066942
0.2601096378732198 0.6045916525105325
0.5883191533275219 0.2746174058610609
0.5743218327164826 0.2916112620497627
0.8798757372872636 0.5129384896545395
0.8471766870352382 0.7064465819457864
0.563854440933844 0.295245860639881
0.5103233221162452 0.2522670978864082
0.42606224320810476 0.19966786745330742
0.3496255543158185 0.2849911968478195
0.5561834378934344 0.2939060408240308
0.11006911403226025 0.4442137933893449
0.2048435265504267 0.6655364627207301
0.5746055925221718 0.27316118478364454
0.6167274567222459 0.2667760129315134
0.6567484579975041 0.2704696990392291
0.7248220581538303 0.2903642846259286
0.8383222076572338 0.37476555465262396
0.8375076069051577 0.4115278524242631
0.8995035719948206 0.6015665503232893
0.9742266343794652 0.7006533665329908
0.5408658718933708 0.2661055529421113
0.5303209086160439 0.2662852181670454
0.5414138616999059 0.28156474140440435
0.5191510148779037 0.2660945644044456
0.5453752782246983 0.28576479136338734
0.3509172282997478 0.23308831314199718
0.5759170975850908 0.2694421751931173
0.5752348755605728 0.2871967424688848
0.7986714717063703 0.3199758791007776
0.47357562093361566 0.21853332094875053
0.39117023750233343 0.21332336762804283
0.550805068670095 0.2916187583490065
0.0 0.48014578612772724
0.5722584148593209 0.2700822101418624
0.5932105631011471 0.26617617838431484
0.6805704279846599 0.23930920402723155
0.5669837236149086 0.29388285890692606
0.5425702986035921 0.2729376622567407
0.5426670682165025 0.2771493835949226
0.5466110567332203 0.2805406518390383
0.5238214438094648 0.2568202400832954
0.5241775780561118 0.24395018988886277
0.45544053000404866 0.1916586844812608
0.31328759417912044 0.256274566233142
0.1452810486522969 0.39186633185920267
0.5628138552800689 0.2916544002374908
0.5587731983115785 0.29037679849645315
0.5705636203879879 0.2728227916666836
0.5816593973717054 0.26660465852392984
0.5726969367858222 0.2828569943282228
0.6530901953064714 0.2477759529831545
0.7142040344358669 0.2535542520595082
0.7521278142334933 0.2743166851781614
0.8228117130672538 0.3317440713451073
0.8939296735998219 0.42099948575349383
0.5454423247492056 0.2669812871990986
0.547841124275519 0.288611087553479
0.4327914232651417 0.16450612225209016
0.5696059243095919 0.2905981754851125
0.5654908039444497 0.2891718791195895
0.5431978724264773 0.26307325527685504
0.5423912291193262 0.2601280799374661
0.5500535700116733 0.2858555599231654
0.5099509330797392 0.22840921133756936
0.3975487348497919 0.16329489659604637
0.26317321375747726 0.24721515699740718
0.22559354180742563 0.2990325003966319
0.5545490958343814 0.28878172085158044
0.5701448008611999 0.27011348521257067
0.5695256022900745 0.27670505477418067
0.5711802855944014 0.27941582481561095
0.5722557269640004 0.2669690320305757
0.5838739971511017 0.2583859396784686
0.6038989876010926 0.25857037183589865
0.6164061504190411 0.251996017600364
0.6557335187557821 0.2116950504137116
0.5465788598750674 0.2707341243433772
0.5471673889558978 0.2679679433625889
0.5451132080693935 0.26418609769189616
0.5351354883166494 0.2555158250754661
0.4924971021586456 0.2171017760102373
0.48375589975034805 0.1941747940199936
0.3540000013686244 0.17754183930548312
0.023456552373857072 0.36295789955581614
0.5612482701581778 0.2868895004564336
0.5573118330622743 0.28666959351854343
0.5686001277439464 0.26902021265618914
0.5700658728678386 0.26800836891967106
0.5714903934139719 0.28712359185370967
0.809452454973155 0.2756703610915069
1.0 0.5135316546883093
0.5474884841080693 0.2659361428130778
0.545694977417124 0.2755687983935236
0.3079588501262982 0.20456208237205864
0.5692377692089562 0.27065311181200413
0.5676434321944105 0.27066563476794714
0.6295057043577159 0.24441612377593808
0.6964030462736529 0.20530004854682615
0.7478791602354492 0.2338107796193214
0.5491612164712153 0.2682344441835744
0.5468508632493332 0.2643476723530895
0.5468899788756868 0.2630552935901694
0.5444228899115112 0.2618915808440268
0.5393086504550357 0.2410876843081322
0.5265273449405962 0.22961942545219804
0.14778021947473405 0.3208889065863596
0.5670940983216382 0.2734012984950575
0.5701029408043076 0.2659871548644505
0.5658183493051493 0.27650353616207674
0.5744369577106159 0.2642105388750383
0.568497538535609 0.28028150828448634
0.6004018285642387 0.24240476220718224
0.8694723257746726 0.334005903589252
0.9283590761372437 0.351635044590269
0.5490722133792626 0.26645795733686445
0.5479131134379196 0.26422740302446496
0.5466614044440911 0.26154873758425873
0.5457500085060389 0.2621261300075357
0.36243008818261263 0.10917358990892817
0.5670479486773127 0.2687061175696527
0.5686382963506645 0.2676580749468033
0.5684625998620049 0.26624764542816026
0.5707552723929834 0.26410722584994883
0.5755709970501035 0.25776938493739193
0.5693196960237263 0.283948744092478
0.5896327249407414 0.25081670648666193
0.6301288723817622 0.2224957642264877
0.7791969100643668 0.21162685867133402
0.5516905639624321 0.26839416757493184
0.5504502805333248 0.26656069625784623
0.5516829627034938 0.27161402775757926
0.549190219892151 0.2651149649444382
0.5488343760747428 0.2638733103378826
0.5456634276956188 0.2599582119859895
0.5510263241794444 0.2814128820923061
0.46606734040342324 0.1523541502958251
0.2524000808708344 0.1714426228750731
0.18503612232963185 0.24046342178043298
0.5661236601815213 0.26753784226006766
0.5654484069270641 0.26895583954071534
0.5655143270734493 0.2711243937522641
0.5674259448088087 0.2673706242383253
0.5689770131568486 0.2646225621397533
0.6123809832910666 0.23199547654434677
0.9881938149414028 0.4152594960976528
0.5497427113000459 0.26386967997173844
0.549101083278822 0.2631175334453987
0.5482265514614155 0.26305622054599576
0.5472884379632235 0.2607042696245434
0.5500484682573726 0.2764914216253033
0.5450639030673522 0.2542462955977528
0.07009919676028428 0.2559362146573148
0.55782114386003 0.28303647983267133
0.5663497521956263 0.26662939648147266
0.5635010651793265 0.2726057103860199
0.5704649519541678 0.2603889161200793
0.579297819895659 0.25057899854628185
0.5810412993090065 0.24350730002795318
0.735890949904284 0.18239913095549856
0.8266724717741013 0.20814804177726784
0.5527571104811917 0.2662830935974027
0.5507018467988434 0.2635847975641415
0.5508321631639991 0.2648988552994971
0.549798835495383 0.26265276833595563
0.5489047380306615 0.26215490587143025
0.5477173577615303 0.26192320172712596
0.554168766039058 0.28427747381045143
0.503681273159616 0.20610488464069213
0.5112743742624055 0.17930496209187533
0.41883877304459965 0.11556041818039267
0.31397514584825714 0.14181174592733856
0.15117051223184064 0.14826546008205277
0.563701758116573 0.26547649148597213
0.5656329696211211 0.26658121586534256
0.5658074195865118 0.26586716198239474
0.5638859968983597 0.27000808275668203
0.5667605981634056 0.26580973485812115
0.5615008860367139 0.27644434923255307
0.5682958000406014 0.2624839441424686
0.5672697922027761 0.26430117398963837
0.5677644033742728 0.28654363207655914
0.9239588938939833 0.2492215962207098
0.9662406903295792 0.33868893232963854
0.5619988550831367 0.2818594100720287
0.5645303953323936 0.28548141641522085
0.5537021441260835 0.2648939075653108
0.5521517145762148 0.2639895791496971
0.5544034982897182 0.2693026380360446
0.5509860680735986 0.26253727347318107
0.5494650809619328 0.2620318252155307
0.5483339224651468 0.26102927100883194
0.5500940207818003 0.24797967665104176
0.5033071624129507 0.1277414938874527
0.563086081547119 0.2676599908401259
0.5648396871573843 0.2670132681505773
0.5658746551983497 0.2622006811001427
0.5652494418575875 0.26445697617123004
0.566150524070335 0.28295207649212845
0.5719683620637376 0.2497595597636673
0.6034564558393998 0.20571062621823585
0.6929416352104928 0.15443032791300115
0.7760897340883226 0.1581083410253431
0.55382943945577 0.2633514806862159
0.5496925647369634 0.2612973824623933
0.5464866314509781 0.23376102660864906
0.5209288078114467 0.21154171868264962
0.4570639181347443 0.09354004667538504
0.2930867609520939 0.04633915437677868
0.5617269928952683 0.26527338358026337
0.5601205408502548 0.2672081904455911
0.5626177643249358 0.26442692608360435
0.5650461636065698 0.26587804190569747
0.5641871351199552 0.2624760087763174
0.5737010369337975 0.2432511305960247
0.5857059895373572 0.2361084886401391
0.5943876785697775 0.224958022793095
0.5522550365995731 0.2623969781663329
0.5554054433536942 0.27249957334245656
0.5544949136908647 0.2756656336499183
0.5513182064468362 0.2613213556084138
0.5480678388661337 0.25908077393015816
0.5579498357967565 0.2786284862593258
0.5618814734613251 0.269709135761779
0.563349836187413 0.26366602579655934
0.566434896455433 0.25930216457552535
0.5672975186921273 0.25447875688192134
0.6266072963743791 0.19339119601024923
0.5506675996241601 0.259589848348738
0.5542515021853943 0.2799179471369848
0.5500863494625052 0.25348849919960914
0.5487151227477283 0.24053827197084943
0.5616938400219021 0.2633064623759511
0.5626504431154316 0.2618679007504601
0.5588145903080606 0.2710734148726287
0.5647931416758097 0.27960722444522057
0.5638131100545135 0.26020783675290016
0.5768703250355239 0.2367961544712568
0.7228354733356522 0.13112120976838654
0.8446644405667939 0.14611385138052488
0.556072123798315 0.26597086415007604
0.5558067710412105 0.2620820676843521
0.5529911004976495 0.2607996054049358
0.5521075461739141 0.2336908027387454
0.5358681172503973 0.20270298253772584
0.56218497639571 0.260533065215033
0.6476021288923909 0.16190728221458373
0.5497663254262515 0.2567541445937032
0.5591442533648076 0.2635866466286888
0.5606755649819944 0.26103731010459535
0.5579152944701323 0.260242742004852
0.5521713222584416 0.2583046662647317
0.5532910448927252 0.2434723727155952
0.5523880835776612 0.23987764531720088
0.550723833094322 0.23706757415337912
0.5382716791592198 0.22311820883304856
0.5426706799001649 0.18340662100031419
0.4999751498536239 0.06155013030055569
0.39713131741688107 0.010495672093632601
0.5697453746345427 0.2451586345495413
0.5548906582077013 0.25856507440587795
0.5576330443065666 0.2748613334447039
0.5525422435764014 0.2558287409138143
0.5339170442914298 0.15642729281601903
0.5704865161600259 0.24070064400638713
0.6619769018016897 0.09142743671676888
0.7472782499074905 0.0692419275920302
0.5544258739974088 0.2505977664751062
0.5568971094738173 0.2477851079618665
0.5515457602663958 0.12327893773558042
0.5616021380919052 0.25903366605965766
0.5645199962864635 0.2585245589555064
0.5791820488365889 0.22295747495653437
0.5529669646468961 0.2526519381640935
0.55636449721025 0.24382649214874233
0.5530764902428221 0.2028229105678615
0.5647804281440729 0.2568538407146074
0.5698061860845489 0.24243193850285322
0.5703946250050999 0.23709949218405402
0.5784276137326244 0.23133603723340074
0.5851996245766528 0.21058050238460704
0.5793761229805672 0.19141572339696467
0.5961160018967673 0.1651525633160235
0.6034369612640064 0.1119592676667636
0.6001002717209979 0.05827260266700891
0.5552814533844599 0.2528087670098641
0.5553731334072887 0.2552219474298818
0.5552894043050086 0.24084810883190336
0.5497950895875635 0.2270864366852605
0.5607877650661744 0.168410018473078
0.5595398052864042 0.25870990450838016
0.5630528714838726 0.2577485291123962
0.5637691209478273 0.2534539938892395
0.5670534396134447 0.2430255612634589
0.5680456985813853 0.24003587257138984
0.5595318744611912 0.25193027717516925
0.5568919267379646 0.25178586763921473
0.557543001593913 0.23818261661562648
0.5539225280091821 0.23747811195754942
0.5562353238631903 0.23156502622680547
0.5641137138637745 0.2549752234293507
0.5661993956121049 0.24734153780698184
0.5719527531017856 0.22948911013968643
0.563280916367394 0.07171906643577552
0.5574364961817714 0.257494519667833
0.5567510879162795 0.25380471796039633
0.5581177009124264 0.24477592866742173
0.5582288001201094 0.24226778150830616
0.46615073132421747 0.0005433953405680113
0.5604544849787579 0.2576471842555553
0.5614963807044643 0.2573756651737887
0.5632653197132131 0.25611251192940515
0.5630852241814981 0.2541222882645993
0.5623783303403803 0.25049124384202764
0.5619729497939109 0.2532252720064709
0.5639727603187136 0.24325709701630094
0.5659813956885462 0.23702068248535768
0.5584654509163778 0.25380236997714123
0.5554840416412457 0.23520986743365363
0.5611014265728003 0.19078373978446989
0.5613465069317585 0.003535123584069167
0.5227442679450535 0.0
0.5624864051395825 0.2548484997411137
0.5618944908463378 0.2561504941165135
0.5657264323448111 0.23242192805700088
0.6104601847432218 0.012723322775835714
0.6711605066982221 0.031765664984755644
0.5609815855357417 0.2452370526826744
0.561077783879267 0.24074903880206433
0.5576125428734117 0.23514063711798627
0.5607790341813963 0.22987811978173311
0.5489880816065373 0.21603855625560905
0.5591566313846381 0.25682303449245675
0.5604792426410948 0.2563126254055506
0.5645531453324916 0.23994886302908097
0.5611885367714394 0.2356128750189769
0.557744777555519 0.25541857435063275
0.5605880403589062 0.2545192041573771
0.5592867409912865 0.25537422452276876
0.5695965967150662 0.20786901160461127
0.5566826090475495 0.22435927157754249
0.5690059088354181 0.22038066126642844
0.5602354489603238 0.21615163515864352
0.5640636427575284 0.22544619926535592
0.5790119545017588 0.35057455285997996
