0.5343339261773915 0.5249077388269481
0.5074069426777484 0.5337367518879704
0.5100090363261501 0.5482329944416758
0.5205785386904613 0.5258678579170879
0.550201412024753 0.5290102662927703
0.4885595360514185 0.5454966978761877
0.4904759764408383 0.5248215432867424
0.5262639894788397 0.5139458434278501
0.5256360392503155 0.5577935468720072
0.5087196633050772 0.5160247395636444
0.5602762035764127 0.5119680828256504
0.542601717896435 0.5145511388982081
0.46758080219068954 0.5279037307022215
0.5190704420195985 0.5007419867709612
0.5494107413379947 0.5475201750940852
0.46758651804671386 0.5680909630486078
0.5001140858845688 0.5641327893793405
0.49474076467165345 0.5104384789063741
0.5201323359194673 0.5756342012906782
0.503913932818517 0.5007401993276036
0.5435149144467943 0.5712873243839032
0.5472345224548707 0.5033459142378384
0.534472180019951 0.5024868549503914
0.48018415522399466 0.5101090616389106
0.49008045080740903 0.49797598858108455
0.5668074666544465 0.4918679936081965
0.5764466816366416 0.5312141178894138
0.4379396056733345 0.5217005585967153
0.5667785266460361 0.5589083105395697
0.5216314858234342 0.4859668872146803
0.4522056025359392 0.5049441881000619
0.5104259184172927 0.4890544961384062
0.5010743482782536 0.5862062689206685
0.5304414901603364 0.5964897488564214
0.5766441843368485 0.506705735237503
0.5547927623479266 0.49686199296111294
0.5429291161063136 0.4892446782158216
0.5652150147199843 0.5858676101152668
0.499087605159458 0.6208375096330248
0.4658459206900848 0.5008354152151173
0.5829009657601429 0.4882119575229556
0.5301282588094083 0.49207021872956047
0.5144876047145658 0.4774606529153012
0.4774516432993593 0.49239712963067755
0.4984351315863971 0.48810205135815043
0.44516965030795985 0.6077249076290008
0.5046306369085107 0.47794894505695495
0.5530408086050772 0.6227129550946918
0.4534700249357654 0.4818022111132278
0.4376551248990197 0.48618346741634033
0.5948019633117715 0.5043576458882869
0.5937766765043961 0.5587972884036826
0.4701061808886026 0.6699839439205473
0.5723124621553916 0.4742548070200966
0.55511543409844 0.4859933913358817
0.4664222975399857 0.48121560231254246
0.4870033565917976 0.484278618173679
0.4209564414624865 0.5529909784758986
0.5322280292934564 0.48024012774607183
0.597995741098253 0.5964278264806531
0.5340287873222742 0.6732260804813422
0.5841472324531276 0.4705157339586109
0.524046775068749 0.4737122790442886
0.4442504334949902 0.4557707361705736
0.42748712061445243 0.4634530330317665
0.4769179718937371 0.4769507446997877
0.4070541466763138 0.6384247847847008
0.5497332571478004 0.4758477543119756
0.5403789338923133 0.47520922718290326
0.40472143570555147 0.5084179338776958
0.39961694237245937 0.5816978916232268
0.500479431455155 0.46740089567529397
0.5737720912790992 0.457067422264277
0.5993963673232723 0.4786402968423619
0.5609076151294017 0.4752924951260993
0.5093011241088434 0.4674871354455539
0.5090489938138144 0.7469490778862032
0.41492335032828864 0.4823008756386125
0.5643017273345482 0.45951641502327606
0.6186546223091071 0.488444474338012
0.458642438679883 0.4638485041801507
0.4689659454370876 0.46766777667751924
0.4946218886242145 0.47623575705599047
0.5827840520389511 0.4562673971588003
0.6092570961061496 0.5250171409795251
0.5330422694042072 0.46491348049241116
0.593642364766794 0.6478209917368408
0.5171904236100217 0.4681588522218641
0.43148229922657677 0.4440282743395467
0.44831424040704837 0.42389508030616696
0.3721359036479635 0.5223882847936698
0.42291747619167647 0.7088678971954667
0.5444251198903586 0.4646084692412428
0.6339143959253986 0.5516554997607513
0.5847364182212491 0.7106981742218192
0.5153447812830989 0.45808828071351876
0.4401215852641726 0.4333229331406929
0.4141889671137528 0.4587459853486548
0.48521041999894826 0.47166586589169573
0.34946050551715785 0.6555858383725265
0.5649737535480026 0.4389872216256365
0.5544093376752123 0.46327626836358876
0.6405175522862395 0.6044222281702224
0.6487902415855433 0.665105143499306
0.5215334366443567 0.8559370667433324
0.43418717922891087 0.43223572594896315
0.4303215884869626 0.43218128058102545
0.4273990788950858 0.43475770532066094
0.3838740239877759 0.4605351000387764
0.4769972095845963 0.46222348625293436
0.3562872602260154 0.4611297103030811
0.3574730585495479 0.5873253724186858
0.43896409721910584 0.7935276146172882
0.5045384903409004 0.4565457375335049
0.5759471903265708 0.44354423326484466
0.6274446859662959 0.46890435609704095
0.4360303218834041 0.41515601592589846
0.43672144249984196 0.4230814730493517
0.4320729111032948 0.4244570021043573
0.4268703679288641 0.4280793423215331
0.4231497641130273 0.42836164062000365
0.42389703636386106 0.4370606159666598
0.4191284109186659 0.44445615632703933
0.40228853551355565 0.4560438661330411
0.4920119027364608 0.46577745556531136
0.5737938148390003 0.4280083662392961
0.6021137680411532 0.4605273317879522
0.6356840195779431 0.5067875454813081
0.5233022264868757 0.4638157262341944
0.5925121925489517 0.7858460346783404
0.44035523472651333 0.4126604090632575
0.42875403774216003 0.4241337227731176
0.4248148155989307 0.42106123276507074
0.46717616597790046 0.4535775685593996
0.4071008416053694 0.44042899920434
0.35706052462776317 0.7305812843365814
0.5922695441436427 0.46364797190240836
0.6446516060245989 0.46195956543568095
0.4333603471754106 0.41846634732428073
0.4293289394184332 0.41588695515776164
0.4251966996864898 0.41537608629239053
0.4218856487650476 0.4149003616736593
0.4191158822629164 0.41977098598405455
0.4182481566279681 0.4303726654197113
0.41152390396546046 0.42852684971193106
0.4033116631381472 0.4217950363887762
0.3358513143163422 0.48180689503236007
0.30053823367836496 0.5894774337029809
0.49663343828150003 0.4591424238291775
0.5886558412564196 0.4536020949520729
0.58364332939922 0.44625597567156366
0.6084758393394327 0.4521646588514341
0.6149012432208362 0.463094086057243
0.5573933744903623 0.45021650856064
0.5403497291057253 0.45538499427261486
0.6853513560486649 0.606580168589737
0.6424997487446495 0.7321116836876055
0.44378254909813514 0.3914955154886852
0.426253696148226 0.4124048124891181
0.4234363042043688 0.41078197501940267
0.418629589488091 0.41143873825217603
0.4139547649015655 0.41995864744447164
0.3944146312757585 0.430655480679477
0.48508800208478414 0.46228228197652127
0.3743973278948538 0.811531339793727
0.5670294450330648 0.41768889311393137
0.5769763754902946 0.41058622155683044
0.5770124942461897 0.4354778824034244
0.5804509569739984 0.4390961300869579
0.5899305746280921 0.4455855950179001
0.5945843020922456 0.45426174379093137
0.6029714932156878 0.4480381524326198
0.5487904026938861 0.4524666774991823
0.5252822209762876 0.45480940794659735
0.6957513608411025 0.7006473931890138
0.5106874197341051 0.4478973841087852
0.4329103291283172 0.41249914155010736
0.4354687289349294 0.4080146656895544
0.42509377032776435 0.408438012590076
0.420621147898417 0.40883177174477014
0.4145634816543447 0.4100065869933531
0.40802779482815976 0.411266056190026
0.4568351708951344 0.44322445649928605
0.3585206056927818 0.40845012542056086
0.48246586607081826 0.4544942892940699
0.3220912261305207 0.5288133725546437
0.26573922382854265 0.6613101152868486
0.49542610289908035 0.45024238327178107
0.5020180631540865 0.4452881678584644
0.5800014099382136 0.43136962715059873
0.5851655827230762 0.4373832062360309
0.5897203265010933 0.438269103330066
0.5938601428357662 0.4405497083643046
0.5950379561352017 0.4472100024708503
0.5525588205310181 0.4384748889513854
0.6820185998348787 0.5528533839248378
0.43120937837997014 0.4061358787608813
0.4293055527826591 0.4101330562020177
0.42757693629662386 0.4105279165790603
0.417789303403666 0.4030373528791651
0.4895920753089101 0.45590628168358655
0.5797241467828209 0.42189320607492486
0.5554530352442124 0.42068144043059796
0.5839413658480093 0.42834836611205834
0.5885817296777249 0.4314439026432932
0.5919028107051979 0.43502395381176523
0.5985163071351689 0.4435712298467973
0.5989537340081733 0.4513940953249605
0.606963023305111 0.44056963457805304
0.6658299084786403 0.5037081156378612
0.5336558962865072 0.4501615642525976
0.709497451255088 0.641748363525632
0.5188054173280494 0.44852611917723945
0.6042487976085359 0.8692846093591711
0.4351341078059721 0.3979607274021844
0.4280362282470691 0.40637538466673645
0.4265746117458344 0.4075515041245986
0.42229013274990296 0.40510161710678305
0.3984560972326539 0.4012387423592128
0.5838538930534743 0.42151057537175524
0.5870550031463825 0.42462810910310766
0.6286907341318297 0.4554255568976573
0.6935792544127138 0.7816856288281482
0.43046077883226697 0.39859552197666637
0.4603111535893984 0.4248102623576561
0.40554912913280916 0.3989247646973679
0.46800080099223273 0.438023585305913
0.3829325318980866 0.4032843478524173
0.4859111001636543 0.44535672310744867
0.5862012600772387 0.4186801471977746
0.5904448263087503 0.4259609495454798
0.593322028712775 0.4299144829058601
0.5944297448437372 0.4350661479660456
0.597397095506924 0.4365206853912707
0.6017209779901053 0.43756343075148296
0.6133876605222525 0.44446982540455043
0.621306312402942 0.4425159816240567
0.6322578177937586 0.4395704904750789
0.7117174118587085 0.4855122913270631
0.5426120409194647 0.4437395734123263
0.5073991582531077 0.43848616643745475
0.4300879462372465 0.39174886693838773
0.42549907703059264 0.40472065478094793
0.4211159777617156 0.3994133968796564
0.41166904065017124 0.39715054379629683
0.47612149928750314 0.4480398489551301
0.30232535721573117 0.7626595954588876
0.5624811508706805 0.4000042394772309
0.5715089028182346 0.40378813824967336
0.5831728010017901 0.4142513207745735
0.5864184042086593 0.40415227366987244
0.5876691366719263 0.4134671606459472
0.5894135141456951 0.42032502621603945
0.6102034372812821 0.4329441061810724
0.6157593386521001 0.4294810584300123
0.5259493349714892 0.4425609612887011
0.42732567514604586 0.3951499218889846
0.4273573102894636 0.4010794241869944
0.4782601162584531 0.435519454366722
0.39861601751701087 0.36601716653572586
0.548024511219795 0.40369353347040965
0.5907351983751442 0.410744401194272
0.5937316871577615 0.4229599495682028
0.5960162007328776 0.43246549960655256
0.5983471437408503 0.4290210720631264
0.6045913563203008 0.42847135498754313
0.6765537037797984 0.45399343348528326
0.7656965094487587 0.6702661136341325
0.45545577047231944 0.405762091764159
0.4301363551893142 0.3817282053801382
0.4250694489655893 0.3890771039007153
0.42392163468383254 0.39607308008038267
0.42401851781631916 0.4011239433855835
0.41545820069973943 0.3873105309436229
0.23236490723335684 0.7274964180815602
0.4356800677350515 0.8962341539686207
0.5399310842804527 0.391769306851517
0.5910849036945454 0.41680250074424363
0.5920061953257155 0.41459254423674047
0.5934791053021568 0.414126265484855
0.5971221319024599 0.42305516485670164
0.5439034989639533 0.429926568961013
0.6228226991792627 0.42144515475344246
0.6357092812791082 0.41694810910499414
0.6576529694602082 0.41591403668604887
0.7401521721911717 0.5687660804602382
0.7889276686598687 0.5948345248935764
0.5163665529534401 0.4390527197947394
0.4191086571576048 0.3930030442891383
0.41086818442051987 0.385136608709241
0.40442262156003006 0.38614084345150185
0.37128119190012265 0.3526007702810832
0.33166180409716084 0.3562925811242109
0.3281713443150122 0.42497678577147324
0.2703716076882508 0.5141969236135818
0.1746554989477642 0.6706962821402005
0.4938085822110227 0.4401299281210211
0.3278908083936995 0.8593663570790154
0.5788813095812433 0.3900090887157816
0.5942965677703135 0.40658773339694676
0.5933936390796737 0.4106561755298116
0.593336401094207 0.41777002609906916
0.5959993257677223 0.417933601769947
0.600110004858794 0.4209381342069656
0.6095945716667244 0.4210339081811454
0.5351308780103683 0.43814114594978426
0.4645916608891192 0.41294132162279
0.42076133902066326 0.38149066054371805
0.41503288129462396 0.37813795230480884
0.40878770790255065 0.37504278400594915
0.41823200660010623 0.36638603817507626
0.29980088621756973 0.46385136195443344
0.24198088394340564 0.5700052809925087
0.17507117365309932 0.5798188258822053
0.4998938738179719 0.4363195104569421
0.5977505103826559 0.4133226321053008
0.6041008857093016 0.4167296714249117
0.6147382342830232 0.41351859456364287
0.5358757290843799 0.43009125848791985
0.6344902595244747 0.3732953138686176
0.6909520937246387 0.4017305062795527
0.7726805340279561 0.4736608614528393
0.5223180495168929 0.4350904845189595
0.4572625237686862 0.3841093423374745
0.2936049634994657 0.3927859589224919
0.5449512030778092 0.4174469030230535
0.5968952263379301 0.3960577508240958
0.6002211940591783 0.4079220026756213
0.5951173234146802 0.41239661591638543
0.600619108032642 0.4146317241542518
0.6071262896462402 0.4069927912720583
0.6157243518617662 0.394649416065226
0.7959162104837755 0.5314940086904014
0.35496229738122687 0.31030385135373695
0.20951551492153633 0.48874561487483725
0.4867818811206316 0.4345728157169733
0.3650975198306287 0.9866301209810652
0.5033421638055792 0.42962611671283385
0.5522909836962981 0.38528022392239175
0.5944953516422541 0.3761708706644349
0.5283188119050193 0.43073583860535314
0.5520139223087905 1.0
0.4716624283239444 0.4237391828781425
0.3992947460460977 0.3234344558724152
0.16910849675645237 0.7560401574750205
0.25248512629300857 0.7935772427993308
0.5653212497750076 0.38039960990011595
0.5355099628009178 0.421747386083108
0.8019580713358857 0.7467498894749962
0.6631518070386031 0.8927948803920776
0.5111040483320289 0.4316305073750906
0.4209596157265292 0.33848264741578515
0.3301040731396276 0.2848064221091063
0.25691547130554643 0.43884561778014153
0.49368166219343845 0.42864220583852597
0.09697213560399148 0.690225930082663
0.22882414610193663 0.8484424731428621
0.5424738294763862 0.38177017897079535
0.6097795135436995 0.3665197037070579
0.6610266723666647 0.3819961212052095
0.7344673533502474 0.4267016785905332
0.8383392839054974 0.5684495761599306
0.8173582258574824 0.6258869546167493
0.7654638410627504 0.8338333509080699
0.7281025634554307 0.9387748904822397
0.46230907067004 0.363280575931149
0.4484666537274231 0.3645855415905834
0.46476227865379316 0.39959028238152405
0.43342006885635115 0.3641986158773366
0.47230965753539733 0.40996941653503954
0.25514281959754104 0.35933262187594567
0.5464410907175269 0.3722718467046586
0.5392226005988716 0.41127869682582113
0.8124203881538667 0.4740940358131152
0.38136928191103014 0.29606735814539925
0.29428076205421394 0.31755092554851894
0.48293027660207727 0.42401069285765364
0.06343449453908451 0.7703099321890031
0.5385051842657871 0.3750441434660735
0.5744313109201983 0.36297326213710324
0.686565558038747 0.33407867529339963
0.518410841768682 0.4280106071830316
0.46618263208252986 0.378601439311331
0.46693528168964754 0.3895004670238554
0.47498696092929454 0.39805566249717345
0.43948848599430507 0.34449788625517597
0.4412681833985932 0.3195931629852771
0.3649838527062466 0.2566891603735262
0.21933732417404386 0.40640491024360503
0.10165477358758436 0.6212912014029176
0.5092389778202647 0.4231334246542398
0.5001189586333986 0.4206757746923315
0.5331875619505545 0.3824696617605392
0.5561937738387241 0.3649041790871672
0.53527285667843 0.4025114931526291
0.6552128116336765 0.3411060257224897
0.7261671506937455 0.3619914135137794
0.7730846715610084 0.40336149021796214
0.837654436202572 0.4970683751620652
0.8730250404180014 0.6477644498158479
0.4706798351934322 0.3667625083014713
0.47718285228469837 0.41720249372234375
0.34149904581398094 0.22408492826547663
0.5252586990580865 0.42057301004656505
0.5158340730969255 0.4177229207458922
0.46575722964455685 0.35552273191009237
0.4646944721989221 0.3470461752463541
0.4818297834689254 0.41037273598825236
0.4248972976408168 0.29717348936392024
0.3018925530339061 0.23841144765962455
0.17042361556612115 0.4060499595969111
0.14565097816325068 0.48952174443214475
0.49079669608672216 0.41736136734230583
0.5332970738554833 0.3758002002383442
0.5291440332181433 0.3900357188829782
0.5326285858422111 0.39547765047990197
0.5394777919030678 0.36682740762968047
0.5602725837286388 0.3485701396989677
0.5901576872183105 0.34906798183046556
0.6083814451562127 0.3398190006931571
0.6542018511394472 0.2803864886763886
0.47420979313805206 0.37570583749331093
0.4752741279472798 0.3698242238679075
0.46984681171297865 0.3592432206907051
0.455224067991725 0.3390693795707923
0.40451548616993255 0.284277818387593
0.39823598264175264 0.24683285613571038
0.2573415476875482 0.27603778952021585
0.0 0.6317716101912431
0.5064090323961133 0.4125769570225431
0.4975395710390944 0.41230330264074216
0.5291686818526 0.3732895734512721
0.5338313540860783 0.370045926000215
0.5307806746189779 0.4123730143681702
0.8406423740030005 0.41247245508785296
0.8981070776516312 0.7964978898987716
0.4757475118652161 0.36473143234801625
0.47316506534144487 0.3862175022672152
0.21060366856440796 0.3317949736283261
0.5302757107248861 0.37775049721383064
0.5258087266805105 0.37792523262907324
0.6252998365816407 0.32968519229088494
0.702450438423556 0.2825373081314895
0.7685699559877959 0.3402724110343792
0.4803972062470693 0.3714300619173647
0.47385082848843085 0.360079638733185
0.47382808229834017 0.35569155700771765
0.4684403926101084 0.3516524303286152
0.4633347775348601 0.31007437466547877
0.4474259867462887 0.2923471907775041
0.0821449390727543 0.5389791506264676
0.5235771371934294 0.3837863903549495
0.5343752619629456 0.3644625115061282
0.519276597512876 0.38987796016244897
0.5440968756247894 0.3596575296380632
0.5253431349505783 0.39761025428376345
0.5845878045178682 0.3189624688830676
0.8884517929370596 0.5094144197596362
0.9420762804914469 0.5500698265518416
0.48003725875557124 0.3666907450570839
0.47675667322982607 0.35986337516220535
0.47311646161053844 0.3502261549470603
0.47110789223161026 0.3523251913988594
0.26955915452281 0.17856457953403337
0.5246014419132153 0.3729483081490125
0.5299017679344883 0.36937229862808296
0.5296972297404764 0.36526481893862334
0.5363222444278802 0.35909705126510644
0.5453062477626553 0.34648884336678243
0.5266387458297344 0.4054025594906007
0.5697020292943482 0.33387733496662464
0.6225956188965545 0.29153932604640354
0.8067055165706646 0.31681255599852276
0.4869209405164188 0.37196920597467026
0.48412706229105695 0.3672280658921302
0.4857982534454887 0.37898921100890004
0.4805030576110752 0.36296104378604155
0.4793204416674506 0.35898298584873456
0.4708973407257009 0.34483948448800994
0.4838997823783362 0.40004156530757295
0.38338085371115804 0.19304608636553816
0.15575516499663153 0.30537959273487575
0.09823251024511455 0.42287393783099697
0.5221617737207889 0.369898014520295
0.5197176232919246 0.3736339595740907
0.5196504854217399 0.379021267770254
0.5263666988539415 0.3688751664462639
0.5314632526038541 0.3605816178147685
0.5997591755151044 0.3016637377698092
0.9869214501181319 0.6611669796089824
0.48210114832986023 0.3591928253559456
0.4799837379829864 0.35625338384028993
0.47731937465812563 0.3558205254562277
0.47467958492372275 0.34728995263950113
0.4820134093597491 0.38877849065598924
0.4702919754220734 0.3323786063356506
0.00024607244854707146 0.4821478278284647
0.4992922908024584 0.4039472046541309
0.5234332908400761 0.3669943260242262
0.5137916183203292 0.38205960750792145
0.5355324865215659 0.35027624376372135
0.5522819057350473 0.33287059797685675
0.5554811757316076 0.3191311312197443
0.7499116777136838 0.2612275658621404
0.8652363005633882 0.32555145416903375
0.49014054238045873 0.36670894276594257
0.48471910546485686 0.358349724115659
0.4852299186020868 0.36273901956006316
0.48198608345640104 0.3547635337119854
0.47909434306512133 0.3526455245557637
0.47589105101358475 0.3517702321683089
0.49064214525071276 0.40684283189287074
0.42199720605049257 0.25870426189997675
0.43617211050476673 0.21515271676887468
0.32866404056008064 0.16132573080128307
0.21561571040815136 0.24504499366526628
0.06438838377436135 0.3273494713721045
0.5155407475909725 0.364253669144891
0.5208621998968742 0.36708041200549035
0.5218949015700312 0.3644870414888773
0.5151581757929405 0.37600151265267323
0.5249643992025914 0.36415216318254645
0.5086891288850324 0.3896081501120652
0.5301144055412608 0.35507205915550394
0.5266601658411739 0.35994226863546147
0.521950950435491 0.41167483256480614
0.9645093550550106 0.40063147589958564
1.0 0.5406110436704555
0.5087603998566668 0.4012757135255354
0.5140641146659755 0.4092887427951541
0.49263452587410417 0.36303948286128934
0.48849933144306745 0.3600345319710825
0.493547855924139 0.3739624965063982
0.4850330745463594 0.3547514792340002
0.48084390503542823 0.3523803909553868
0.4775498116734695 0.34846754589368595
0.481500913403436 0.32106071473145925
0.43440732501249935 0.15163889529498065
0.5132069848084585 0.37009760326133884
0.5181062856517565 0.3685779948097317
0.5236053337848731 0.35484103966756847
0.5207549583266186 0.3607113950985027
0.5186185605037125 0.4034445925384978
0.5380399059293619 0.3310234592011497
0.58391372129882 0.25593311708817196
0.6924523280687329 0.20824303620109533
0.7981114099221505 0.23415987843597466
0.49264956692182027 0.3584455667058397
0.4811054281447646 0.3497029088905766
0.47618318884622435 0.2941868568045207
0.44330910992721945 0.2617787030501045
0.3766728206738682 0.1208583086945267
0.2003620534487713 0.15143998050768237
0.5098203008565608 0.36407224089853973
0.5058158128513496 0.3688778152341461
0.512706637005001 0.3616055327133199
0.5192000581162546 0.36480391046309946
0.5185322276668856 0.3559703035521246
0.5419304059752232 0.31763378608714915
0.5624946131518578 0.30499462384575166
0.57370011824872 0.2861237016330573
0.4884885564360487 0.35507178448663806
0.4948098055214895 0.38082608115403815
0.49198234615561004 0.3878082281205964
0.48548416722910065 0.35090037097493887
0.47648454801132184 0.3427631496618274
0.5001496252575355 0.3944413825636465
0.509824407399513 0.37525332281375284
0.5154095161253711 0.3592940208921088
0.5263241953232055 0.3482309129880078
0.5286843619614359 0.33818695859855713
0.6128660681533246 0.24382446081546558
0.48318339011862893 0.34575349711677844
0.4912455310838383 0.396799256493271
0.4806308007749297 0.3316594656747449
0.47905167502637785 0.30817220834561476
0.5101808375935223 0.35860893596468285
0.5138330357745037 0.3547841239833129
0.5031102201849733 0.37793600628080914
0.515973309886098 0.3962746413936184
0.5184000641161619 0.35061129826945414
0.5464512524012054 0.30428889547191246
0.7289023355316403 0.18369122588999484
0.871124574033678 0.24239159748074812
0.49778741556584644 0.36603844069350155
0.496512691351703 0.35539105716016156
0.48976769632700545 0.35065497553018776
0.4887604521646617 0.29279067783315144
0.46702262398150346 0.24360225964643237
0.5130761568509457 0.3516561240364144
0.6378892345935611 0.20714073395147112
0.4801009406362043 0.3385264762203968
0.5037829005376274 0.3596883180197487
0.5079757109729626 0.3531462171476146
0.500913931057941 0.35101188288721974
0.48680052128888474 0.3436979304021728
0.4898188062580656 0.3143637909493594
0.4881072992492578 0.30673315431426385
0.4845004635460964 0.3002893689128563
0.46607161676941755 0.2768171173085971
0.48234908093133777 0.21600172617093505
0.43525710214378643 0.07608917865318994
0.3127144888490176 0.05582351065606545
0.5327874616828411 0.32150705235920085
0.49354243144810095 0.3458043131444696
0.5000441287019685 0.38623325682875975
0.487145410553848 0.33800858716086707
0.4734306472107146 0.1819088512847306
0.5347316463127461 0.3110481235271196
0.652579108886865 0.11980648312139872
0.7552032277363228 0.11436698047659298
0.4914938331352475 0.32590639386078585
0.49914124402209575 0.32257622956907644
0.5034324418769778 0.1424629640068569
0.5117661006718034 0.34823917367455387
0.5211355619880492 0.3468246900043591
0.5484840231042549 0.27825853877780504
0.4876002164882387 0.33056216197132515
0.4980048316562013 0.3150650453566108
0.49800374940365355 0.24287302487307555
0.522437122863359 0.34275703204265323
0.532915867254869 0.315055047310848
0.5335402448939179 0.30274826284522527
0.5488428330657096 0.2938078694437713
0.5568349959558726 0.2590901572391745
0.546443386438643 0.22912119701619582
0.5686495300730029 0.19738358919852206
0.5777931980374407 0.13773238422911963
0.5738190252692834 0.07157820588423723
0.4936640357001066 0.3314615901258026
0.4938730663531031 0.3376571140608279
0.49597094537746145 0.3086205135815398
0.48552359522908783 0.28074864978330255
0.5167370825396146 0.19556354833120915
0.5053297414233472 0.3474225604168378
0.5166746041773882 0.34497369376825365
0.519820794654455 0.33463501363431525
0.5256700119408516 0.31568535074411774
0.5278374678974767 0.30857889999829996
0.5062889572171578 0.329946783503489
0.49868638168867346 0.32935529974767414
0.502508647792117 0.30308030473893444
0.49294023686793675 0.3012207019505202
0.499344362054409 0.28852222821099627
0.520963846637728 0.3382936779521942
0.5242534211624473 0.3250938902535919
0.5351500604826251 0.2881899676711057
0.5180980448713697 0.0833093579915753
0.49939516368304754 0.3438698166891147
0.4978740006365208 0.3342821474113472
0.5035641158802434 0.31769436668278506
0.5039672534120537 0.3119688839230312
0.3964009753417051 0.019962273399999637
0.5083285626514706 0.3447480268985767
0.5119057311420199 0.3439673917544425
0.5177696895403747 0.34086352572454304
0.5172537675265992 0.33589271036585927
0.5146282696991741 0.32882158750962304
0.5133048749300347 0.3334891770538374
0.5182084141959651 0.31579521285008566
0.522746824040342 0.3013120373158521
0.5029925271683907 0.33418150600505503
0.4970328119337977 0.2962266428272625
0.5146377435200761 0.22619295643260506
0.5190121080263785 0.0
0.46836081907136035 0.005502097087069854
0.5151395313168075 0.33750696584073137
0.5131480692550551 0.34062075346226683
0.5223490227471542 0.2921372439165475
0.5828957278037201 0.014395105519521596
0.660885206915955 0.047234165926185144
0.5110653476030989 0.3194028840405013
0.5110301436837229 0.30895738881581103
0.5031962586063944 0.2960556785788182
0.5103998299875224 0.28621316524553697
0.4868628276041109 0.2624273309919737
0.5042791068190251 0.34235499576898853
0.508644817736788 0.3409182709400963
0.519152937177643 0.30758059999657383
0.5114722914598131 0.2976163483910398
0.5002743310293749 0.3385023328945362
0.5091783200681271 0.3361395289578116
0.5050521791340283 0.3382890000962673
0.5291709594439183 0.25177964487710813
0.501201696428368 0.27552725068326794
0.5287836187222753 0.27133945485495803
0.5100723965566092 0.2624366581009705
0.5181730519592452 0.27880715451788246
0.5288047249260037 0.5387905524831644
