0.5325524469794776 0.47493725407097837
0.5161077593191448 0.4816506848476471
0.5186910138268668 0.49243151999953794
0.5245576294455325 0.47562114581365816
0.541475480531969 0.4775335501412539
0.5041069580809442 0.49269410535797425
0.5042370407430471 0.4758000218370268
0.5267574398008942 0.46636424245386304
0.5285618008817169 0.4983487748811674
0.5160002450335153 0.46763938407009475
0.5455400929935887 0.46687087270290334
0.5364507738252369 0.46794380081103426
0.48967459960321 0.47889219506701425
0.5213290048705665 0.4562679932923522
0.5410318571514838 0.49024441614916475
0.49196863953554293 0.508581084237846
0.5136051100331498 0.5030739668868194
0.5070639528530422 0.4638814138170135
0.5266064313114683 0.5128457689629576
0.5125700797785501 0.45592402394886916
0.5395169052680616 0.50975781356616
0.5377297313759416 0.46036729534039794
0.530244915154703 0.4587390287596445
0.49733137270072475 0.4652838088580528
0.5039855093906795 0.45463244860754043
0.547134755289388 0.45461208478254583
0.5554091453278789 0.4798717643907854
0.4704132129774664 0.4703918248299526
0.5522426388666348 0.5005897842929177
0.521230452075203 0.4468879469274966
0.4790609690687606 0.46082419374236744
0.5155930166278121 0.44790636491101304
0.5143964741478406 0.5218842629657641
0.5332016890852397 0.5305685906561913
0.55384036166552 0.4643638381053992
0.5408958009304355 0.45693549258246313
0.5332913313332054 0.4506733058473682
0.553228406139483 0.5225986508619477
0.5124207248989616 0.5547728018396257
0.48850305971107033 0.45793415996446046
0.5564685392838004 0.4533909058255026
0.526507485058077 0.4515322941988085
0.5168625314087173 0.4412650326589257
0.4959975019845455 0.45070714200817247
0.5090505036872413 0.4474447139172493
0.47283331293537 0.5473583992147484
0.5119454492320414 0.44112662913849177
0.5471581798026214 0.553374234090857
0.4811202232707087 0.4444040955875142
0.4708510032287919 0.447872101311932
0.5645347560278694 0.46385070126665473
0.5694271629386756 0.5024109296211015
0.488529391900837 0.6058442304440471
0.5487795223813888 0.44363493982320845
0.540073243893247 0.45015413179964053
0.48951535801702795 0.4432132955438467
0.5021273133245194 0.44513817990767374
0.4554344244996322 0.4958425018800658
0.5264488008128825 0.44424834790593537
0.576042135232049 0.532670416773253
0.5341047821135695 0.6036395436227739
0.5550047385880945 0.44296080256623205
0.5215591153989259 0.43984699096474433
0.4766451051264559 0.4278509303102446
0.4652153627284045 0.434943627535053
0.49603774189835637 0.44011426124939707
0.4389135798811915 0.5786631000969231
0.5358521622991953 0.4432898717743383
0.5303303850738529 0.4421111994910717
0.44313840791971776 0.46082511730456194
0.4339979605243178 0.5240708597317218
0.5092931399160837 0.4352510671726111
0.547561338935762 0.4334142711129098
0.5667581721587849 0.4499223094038133
0.542443014232146 0.44391655800586377
0.5137414885948608 0.4355824712529541
0.5163949394035393 0.6919922076534157
0.45371753852077984 0.4455488791589302
0.5428128416722158 0.433837990903181
0.581887920397697 0.4576078242525844
0.485023175439417 0.43293824263570296
0.4916406665536399 0.43493399702871527
0.5066586437131355 0.44018860093406037
0.5522156398505802 0.4350305977715124
0.5760065995587322 0.4802608674810594
0.5255834884839181 0.4357000337457663
0.5785728001329793 0.5805728545311991
0.517524189904661 0.43646606717011205
0.4687206929679665 0.4195144198316176
0.4798471969258152 0.4087134534298846
0.4130784427185432 0.4713415319458148
0.4475400333643413 0.6543022280908807
0.531857742950981 0.4361105210008565
0.5984077820777944 0.5035263750497195
0.5784144834956071 0.6494603163501159
0.5159668545264554 0.430861940115193
0.47496332681163184 0.41372329023670695
0.45345352209083634 0.4328615460395515
0.5008827130369363 0.4373157986310535
0.382683918906093 0.602656674737705
0.5413285761642713 0.4214918682363676
0.5375584749956813 0.4359082231955572
0.6108923818779999 0.5477563378822118
0.6293183396655673 0.6044554594343561
0.5271196417578439 0.8171880149447189
0.47028276466649493 0.411623445449709
0.4673626281898255 0.4109246956292155
0.4651396080385918 0.4122605433933689
0.42423160196070087 0.4303276236821023
0.49631923595748917 0.4318236902051735
0.4006148026839124 0.4267494961975726
0.39754567579441774 0.528706346468839
0.45602676428720057 0.7492852231562623
0.51072103889747 0.429515201788243
0.5463369535312249 0.4262002191338711
0.5901342591485376 0.447072593903262
0.4714186820717547 0.40331044874383243
0.47198086786952265 0.4066306181480302
0.4686352773696804 0.4066311698267982
0.464534613707714 0.40776802903306014
0.4619738221599809 0.40761506411990234
0.4624688640042697 0.41392446523829857
0.45784202648381433 0.41838101797615124
0.44122095985222637 0.43034546272596996
0.5046444110176138 0.43415095642932566
0.5442281878293855 0.41811114315599435
0.5675187952807907 0.43870746015141143
0.5979913987480809 0.4731639904931831
0.5206066568811153 0.4346318732787998
0.5892884979683489 0.7332781611430055
0.4751954318461054 0.4026951001868736
0.46580975853325063 0.4054441450495757
0.46351545798762567 0.4033035241538082
0.49072941162072325 0.42734619667565293
0.4463361264984554 0.41694741679611436
0.38321753870472974 0.6826102760158923
0.5603992490109321 0.44083698034045654
0.6064462603577134 0.44501245778710324
0.4694784744300546 0.404112953940732
0.466291634132626 0.4016729518109714
0.46391763641205086 0.4006837120169029
0.4617456596335917 0.40015201763131214
0.4596294555011801 0.40241089771093125
0.4580807640443636 0.40911223453067824
0.4520038984167508 0.40804167432138927
0.4455369692846164 0.405151624341621
0.3863762014433375 0.44266884189540906
0.3481786577916518 0.538944873953793
0.506864784117475 0.4306546810136122
0.557003782186028 0.4340526417644504
0.5525121549458673 0.4286209963400539
0.5706019167415898 0.4340645441242912
0.5780811381017895 0.4433023347751273
0.5384500493273857 0.42744340154948446
0.5292731166625011 0.43011383887202737
0.6482558668256884 0.558766079496249
0.6324633946049225 0.6768637303456043
0.4767263090710107 0.39579166651693554
0.4645029706842836 0.39971212697651237
0.4631675421665324 0.39895449965625873
0.45980438780821425 0.3986722509240538
0.45520784244251405 0.4026516182735187
0.4353708734185083 0.41412812287301615
0.5007550312924061 0.43188305617098377
0.39268118658067525 0.7567574459046233
0.5404157904366187 0.4124287540209958
0.5465206454013983 0.40803966249987006
0.5471087144819013 0.42257843112119614
0.5497682147882146 0.42421848241324095
0.5575536523750394 0.42753903620414535
0.5618988766351591 0.4345658873036555
0.5666680404251464 0.431557305749126
0.5338044401065941 0.4287946532222146
0.5211162343156329 0.42963473527951196
0.6684775535928204 0.6416457968036461
0.5132484186241335 0.4254899598322177
0.4688607625455979 0.4014693610369653
0.4714934567452221 0.40021132135344945
0.4643016861922971 0.3987456737816352
0.46144307097871556 0.39802919697591793
0.45680679628583876 0.3982793049296977
0.4500725685909684 0.3985760800656905
0.4842046323705972 0.42085640823488374
0.403429162944713 0.3944754655415839
0.4992928039964271 0.4277382686566546
0.37363987426049816 0.4804773019756072
0.3050777995055375 0.6169683355168178
0.506016011024675 0.4260823111313821
0.5091663758002606 0.42435927156673003
0.5496897216592164 0.41971893911359126
0.5540294119305178 0.4226471419435973
0.5573464013535101 0.42309874760711624
0.559785438198378 0.4248066147278893
0.5612943472761595 0.42895202725263815
0.5352344241367056 0.4202352647938789
0.6389515488676905 0.5127620457430214
0.4680471249637669 0.3988597769663912
0.46648725491957255 0.40002004374814815
0.4654264382472053 0.3997071033459907
0.4598891741136509 0.3960303758353408
0.5030904216120053 0.4285794139460247
0.5491196489794823 0.4146025740495767
0.5357120249059707 0.4117664779690934
0.5529576861846953 0.41735646020824635
0.5564946397420859 0.4192867470834632
0.558132761583 0.42133441323002746
0.5627367773769115 0.4273508333490594
0.5644307867926259 0.4325561670877746
0.5690826145336966 0.42847601402250096
0.6248072643488581 0.4753734103747567
0.5250312405504222 0.42708015738621785
0.6748469883834392 0.5923045771820299
0.5173895625079922 0.42579530963399426
0.5969878306684286 0.8275154581865075
0.4722999757527767 0.3960238642371748
0.4661386512970719 0.3987097752880195
0.46497829558261294 0.3987739762657468
0.46301285809942366 0.3974929951571993
0.44212166115956564 0.3944462787069322
0.5528513572274195 0.4140092266355272
0.5550776811846818 0.41606831580773984
0.5905843662859971 0.4408949637571269
0.6718501461190751 0.727177582833187
0.4688207122425841 0.3961475148838825
0.48581128919002947 0.41145057580249395
0.4487900043943738 0.39372264382525457
0.49087501232219305 0.4192750483888174
0.42466366754509766 0.3947258650147618
0.5010550307737971 0.423595945960062
0.554064970713316 0.41274719383423336
0.557014961195199 0.4169625394094107
0.5584335537635461 0.4189517542475759
0.5594625340015924 0.42221595698042846
0.5610822295142012 0.42370726465688324
0.5644539816909065 0.42491841376974476
0.5745830416576184 0.4323011345162322
0.5821483355245582 0.4340522666219705
0.5944351371673753 0.4341414031077443
0.6645465605993304 0.46841134472701845
0.5298110168732385 0.4233401580129301
0.5116809468344895 0.4218634755260013
0.4694930828948769 0.39321992431126473
0.46465249017083604 0.3979511793487357
0.46248090824908483 0.3955921872944278
0.45510257843425905 0.3931968317872301
0.49589806205473697 0.42468627601563125
0.3327225424083131 0.7125569994582924
0.5378070959361259 0.40511992246017653
0.5430686544772435 0.4065614327491316
0.5515779828355859 0.40979355024643327
0.5531931976202367 0.4042780614393952
0.5546862784776859 0.4099767976664767
0.5562020093016986 0.41427175814285
0.5713661189110452 0.42562700099736905
0.5757055173675536 0.4257041312771415
0.5207982358170593 0.4229185509121906
0.46704624669291506 0.39444707663050327
0.4664268716399714 0.3971151653948861
0.49668243480717267 0.4188522641092497
0.44046777684369076 0.36943168575472124
0.531612630582707 0.4054015477610729
0.5562790377443386 0.40884737266227966
0.5584815559156132 0.4158375425487066
0.5598484878788104 0.4207545263266743
0.5612528362186981 0.41928214419059046
0.5657754365402694 0.4205686391841251
0.6334450335847615 0.4430864911950779
0.7218086387134359 0.6168825810019664
0.4831341670989035 0.40391649761996695
0.4697206356970751 0.3886345861271155
0.46592366246495975 0.3917409836800452
0.46440115085147676 0.39474608876059536
0.46409923563161937 0.3967228559941814
0.4589044913831322 0.3883296168959403
0.2737510380515566 0.6821802670875716
0.4503697496440329 0.8464972838251296
0.5267493510109752 0.4000452013142308
0.5565923123476759 0.41196254043547403
0.557160252691316 0.41099417531995514
0.557774471596275 0.4109985735801009
0.560336778972597 0.4160093145542747
0.5297926289071119 0.41636224864833143
0.5836458238110516 0.42115329738403423
0.5978767258583338 0.4168294137750183
0.6190918088798641 0.4165636227779994
0.698309348427384 0.5394631167291913
0.742750846827064 0.5606763660779832
0.5159789076488146 0.42174649807736575
0.46097159687315753 0.39283773737236105
0.4547362781153659 0.38624026237104436
0.44820628068717977 0.38568979926233915
0.41457360867363074 0.35720490274656364
0.3761270614172581 0.35016567563657575
0.3822744871237576 0.4045469865156218
0.3297374260350579 0.4764723755570029
0.2225948719694746 0.6370790375382235
0.5050906324060475 0.4218254388730311
0.3451135468416057 0.8042610512355342
0.5486214396709287 0.39807185709885423
0.5572024126634151 0.40665534877668413
0.5572607301825554 0.4090326133815695
0.5579514796056545 0.41280808797445867
0.5593486075613471 0.41335640589322026
0.5619763591636096 0.41510756698452766
0.5695581401805712 0.41802947187918743
0.5250362963189393 0.42070916302854655
0.4880928352504911 0.40739820583448383
0.46307186654777094 0.38682887546317296
0.458548958309506 0.3828482844826574
0.4523375203111676 0.37895182365782415
0.4606947506697502 0.37596219522797
0.3601555143931874 0.4329774713889108
0.2952368831982416 0.5304446647294739
0.23160694411914362 0.549456082502331
0.5079540816218457 0.4207807314714831
0.5602498039515504 0.4112427958115502
0.5643133130947516 0.4132328081409718
0.5743086379682707 0.41415572460345523
0.5252425033162258 0.41699830700521257
0.5942493156937579 0.38685402531202867
0.648474428671552 0.4062096679712196
0.7363677225127896 0.4652501765730553
0.5190945876238663 0.4200484180127997
0.48343633950785014 0.39331543954003806
0.34986529424744756 0.3739023816654004
0.5303031339173089 0.41090054039733614
0.5583677129451752 0.40028558519110213
0.5615446137377571 0.40793686381439215
0.5581622270115959 0.41019869546414467
0.5622159827976054 0.4121675360979647
0.5664413767323753 0.40689765662154015
0.5761215576730491 0.39805555313188906
0.7568468726903562 0.5151662427755651
0.3915585191349069 0.31674192332047985
0.2699560454389855 0.45731271825717
0.501317476647112 0.41906259486468644
0.3650975198306287 0.9866301209810652
0.5096097059384299 0.4179120171856038
0.5327836490150892 0.39670278167477385
0.558133913212979 0.3901049041169448
0.5217947362332277 0.4181611740883577
0.5520139223087905 1.0
0.4923090889313927 0.4127340374715448
0.4389458040028309 0.3469092975993499
0.20827612438147522 0.7219652775144698
0.28550984016846925 0.7438925128443047
0.5399801234910198 0.39310858609217014
0.5253197976228938 0.41364019548019243
0.7414851798357982 0.7026453351211412
0.6475840716762327 0.858359313895896
0.5135353512543982 0.4189784348434862
0.4592362234413371 0.36050390226281365
0.35917950904404383 0.28209838463525877
0.3161865441636003 0.41154984743962
0.5047985422427472 0.4170619422839081
0.13831249293314643 0.6638255911525671
0.24257544075253493 0.8239380517545365
0.5275680565177863 0.3943602486539422
0.5708095822343626 0.38511736279136966
0.6217345899791377 0.39382801178985205
0.6912263326582695 0.42518190251062576
0.7872303571061653 0.5466802784677107
0.7653370808212159 0.5857337536013685
0.7326659166404341 0.7998598577665973
0.7281025634554307 0.9387748904822397
0.4858145551595006 0.37858277945114255
0.4774119788271153 0.37977803447726605
0.488180264766758 0.401558339191888
0.4690505703294463 0.37829878979786563
0.4924436417199413 0.40668455075792354
0.30847100528262056 0.3451827686885011
0.5296895065742936 0.3880579007798862
0.5272086472247361 0.4088777243821025
0.7777269197208818 0.46979227966940107
0.41855904082424783 0.31793799432774805
0.338077359862255 0.3107472754398564
0.49881225547778507 0.41409323783897733
0.06343449453908451 0.7703099321890031
0.5254980221620481 0.3899934643305264
0.5450860763900166 0.3830331207648057
0.6543843614854166 0.346710011020772
0.5171225807119054 0.41716477449362616
0.48794879790989715 0.389740213346501
0.4888952898690119 0.39667397046936687
0.4938783399484158 0.4014776009830601
0.4712265771786015 0.36619139109534476
0.4721190224882186 0.3527179204784888
0.39256544124091464 0.2712050992276667
0.27691526480602924 0.38655719027473917
0.16499097404877838 0.5969939119404573
0.5124757942879956 0.4146349109649474
0.50780998416879 0.41320444603318646
0.5235767834264199 0.3949195061858619
0.5349414870861092 0.38450629239546114
0.5249465898328479 0.40493525169951705
0.6178257395377735 0.3633432580181785
0.690033998477947 0.37336588306487206
0.7387916460938788 0.41072322735932465
0.7956812446918001 0.49202119440370035
0.8150086414806446 0.612473090259791
0.49102792372419934 0.3822576177505547
0.4951891177989385 0.41011700457431827
0.3593294633019227 0.22489547253401737
0.5202736908601273 0.41375678057698334
0.5157949207592638 0.4122692222100139
0.48779469280038884 0.372071298583507
0.48678227554222037 0.3674442091226354
0.4977166268303952 0.40736466290136836
0.45838809803208896 0.33680599934994393
0.327869429746149 0.23839242836320731
0.22883279247092386 0.38895984830168323
0.2083967300116841 0.4630807014962379
0.5029300848068847 0.4112569552804583
0.5232461624238078 0.3904034023092109
0.5212296309546887 0.39947456883090426
0.5232701646569808 0.4018803982001451
0.5259113651625698 0.3837335033937472
0.5367973149204417 0.3753985261449594
0.5550795345627015 0.37686668574464155
0.5729365426117412 0.3685264573086136
0.629976015855702 0.3148705265402361
0.49261695940550887 0.3877685654570647
0.4933633549962633 0.384442385746444
0.490339040849219 0.3757123124516945
0.4809869212579089 0.362924048160397
0.43770396446383963 0.3186031642397934
0.42692457932511346 0.279604662206023
0.29974518426123964 0.27772375867296273
0.0 0.6317716101912431
0.5106918116744074 0.40926943662644594
0.5063109766927969 0.4089620697166121
0.5210281510301423 0.38795984348057355
0.5229102836672166 0.38585501709101466
0.5230339789940173 0.40968175779289123
0.8099205151765646 0.42165871785665965
0.8981070776516312 0.7964978898987716
0.4935543554663498 0.3799868532001093
0.49241860231772605 0.3951911516249954
0.2617340495064711 0.32956502974919494
0.5219679794353984 0.39166733078905563
0.5192387791294416 0.39149474373474713
0.5907830367189663 0.36011051071185274
0.6769960961937656 0.3084362672672462
0.7407315949817925 0.35916516295126255
0.4967518492249038 0.3858073032745222
0.4920568264640025 0.37603140272683483
0.4919264322241987 0.3733105641240488
0.48888307639814066 0.3697140395030487
0.48464588206585435 0.3493080255461657
0.47425545285981663 0.3368103481988322
0.1406151270843414 0.5175868793683398
0.5179034208174312 0.3958773908163315
0.5232453995212211 0.38186520891237025
0.5157171354843451 0.39912503532952504
0.5278340960803015 0.3802678053858182
0.5195829943451572 0.4026902099385872
0.5538470103615084 0.35569999869060137
0.8424354215494371 0.498823814152338
0.9140437135486963 0.5355483868739591
0.4956627743620891 0.38147420663611975
0.4935642413432072 0.37605249276226027
0.4912347936953793 0.3693367114543976
0.49052448413273486 0.3705558241978195
0.29318451242586796 0.1842757815180651
0.51866027088898 0.3878179059921007
0.5211895100332482 0.3852051629563625
0.5207892332449559 0.3824651414591473
0.5240804685662482 0.3787017309300942
0.528471184476651 0.37311832915889
0.5206292233009602 0.40634403724714113
0.542031379659263 0.367121099006325
0.5952686437678744 0.33429121333436496
0.7854015008886297 0.33821443827975695
0.5003882009330824 0.3865779135465864
0.49836849014310847 0.38275603945716125
0.5001867517708926 0.39176783353262457
0.4952126134098741 0.37863060316167996
0.49429802731107914 0.3753223364948435
0.4899109964213361 0.3660538446908386
0.4986146316907985 0.4026411299968887
0.3997292497552019 0.21070713996147927
0.19382273512554427 0.30729509817008793
0.14832470420665284 0.40307756078319423
0.5174324053138716 0.3857494290055279
0.5157506476588947 0.3881182692471632
0.5155952324523025 0.3922593635715668
0.519494709104241 0.3847949487591559
0.5215734371515006 0.37906658867750176
0.5694792073839898 0.3416653414599279
0.9869214501181319 0.6611669796089824
0.49558097196859224 0.3761405110244436
0.49425053173551897 0.37409293486335854
0.4934335450780562 0.37367267375335156
0.4915866795417403 0.3678154466850812
0.4977827306160525 0.3972799058701588
0.48924722000749504 0.36050688539980086
0.00024607244854707146 0.4821478278284647
0.5069924510201117 0.4047873798392045
0.5181436459676845 0.3835244132886033
0.5124804527699702 0.39479172272260227
0.5233268267783534 0.3747003339290287
0.5327570693863664 0.3647961656400828
0.5342823860160281 0.35614571929049715
0.7310796971495696 0.28604335827681626
0.8433152331120617 0.339632598344936
0.5013514484263797 0.3827317625059981
0.4972302415083492 0.3759754877545648
0.49816302963522 0.37920778191724935
0.49521979599127025 0.3730330304162011
0.49378104943318896 0.3715440749859395
0.4924856035073844 0.37077689932887403
0.5024410823568887 0.40623913377039117
0.448534709641346 0.30065971101957234
0.4537038151939842 0.26140958926199476
0.3356749833180594 0.15293335887934087
0.2504647422370968 0.2590596712558781
0.06438838377436135 0.3273494713721045
0.5136684419191142 0.3820232966050415
0.5167325789354674 0.3835381511693999
0.5174289906695824 0.3821506512840313
0.5132302661981021 0.38986930631619104
0.518499972082107 0.38163925758673783
0.5106278268287077 0.39844194378884745
0.5206585939770707 0.3758680373778083
0.5190475450108807 0.37848624354713317
0.518560557504828 0.40942667953864154
0.9645093550550106 0.40063147589958564
1.0 0.5406110436704555
0.5113745663216834 0.403701645910621
0.5144555735287063 0.40799183945902906
0.5020155861104437 0.38049018590299105
0.4995597575222443 0.37757228707734064
0.503919807888985 0.3889546445732602
0.4969347512140282 0.37320221744062426
0.49428391869844784 0.3709662340674029
0.4929718461574471 0.3692035254101396
0.49463039510369256 0.3570367804857971
0.43617592625374624 0.17948782841528121
0.5126978607421435 0.3857580652974314
0.5150825872387605 0.3851146953475228
0.5174035643657848 0.37552247968110075
0.5166658806389992 0.3790729043455334
0.516558632472966 0.4052425132216807
0.5247369735014824 0.364558091501002
0.5640320765674273 0.3093015368611325
0.6821162750302959 0.2418491604186276
0.7878023553078071 0.25801445708204784
0.5012638572492778 0.3764635168378532
0.4944815971407457 0.36973723229978755
0.49080419778079176 0.3405778144688249
0.4662183374603005 0.3102978337865501
0.3731416687716503 0.12697894797460219
0.2003620534487713 0.15143998050768237
0.5108518552981509 0.38125136915259006
0.5087467490247108 0.38564293923788817
0.5121527584909589 0.3793549889014727
0.515849198876606 0.38262654872464785
0.5148962274542965 0.3756687949699291
0.5282208791113812 0.35524842514829785
0.540003729130955 0.348539444883875
0.5511396209096868 0.3336925451527982
0.49899079112132044 0.3737524996241782
0.504801614090089 0.3933725623001178
0.5033401803759472 0.39681483681422314
0.4968987766538362 0.3705624384070097
0.4919739741706118 0.3655749663604067
0.5072374938133066 0.40007030457789866
0.5106626240476537 0.390284915747412
0.5134960509846239 0.37762085084728675
0.5187936474436181 0.37333137368104197
0.5202124933838396 0.3689291230314228
0.5982768113628162 0.2932706621352512
0.4954206571186919 0.3676754658365259
0.5026234460826242 0.4010761619220472
0.49396151611163813 0.36132917562644457
0.49265637944287605 0.3489927377529818
0.5110980154676593 0.3770617672843749
0.5128594769787431 0.37510316064005167
0.5077869651371028 0.39218697675123554
0.5145893688995249 0.4018789182753621
0.5146332766565821 0.37406533721949337
0.5305729500462375 0.3480981739723564
0.7247936095144145 0.20892101738270566
0.871124574033678 0.24239159748074812
0.5047294689537588 0.3837119581981133
0.5032255460227749 0.3743965083480298
0.4992529093802827 0.3708764579109691
0.49746072158552346 0.33828528199325664
0.47853839172776147 0.2933338240055498
0.5123506996440806 0.374000929245791
0.6307804921194009 0.2454299308850925
0.49363840399735154 0.36419981260727724
0.5075733274424992 0.37825971800823216
0.5099712706690925 0.37421827990094364
0.5058172018994608 0.37317532467758857
0.4976434732733855 0.36780712644675256
0.4985975192362686 0.35392813429219755
0.49728446833790996 0.347583494726936
0.4950080411423478 0.343013699365793
0.4829618626147074 0.3287943752402828
0.4881025977400697 0.2713528136025935
0.42841860727222897 0.09098214302747538
0.3127144888490176 0.05582351065606545
0.5229172603939543 0.35928350879402216
0.5013200519631091 0.36978098371405055
0.5069778969286185 0.39638411942716933
0.4980065040428372 0.365779392815759
0.47607277183178454 0.22844079698248151
0.5248949897443907 0.3509730569866683
0.6537312712026092 0.1403308667987123
0.7552032277363228 0.11436698047659298
0.4988642583257192 0.35942135132746256
0.5029515306903907 0.358557419668856
0.49373526941401885 0.1713155856323082
0.5116680236421037 0.37281152951378066
0.5160643763315165 0.37294519740317456
0.5363200196041793 0.3309353969197638
0.4975164935847625 0.3618544433957884
0.5026228476777437 0.3548670612922863
0.5002592775461381 0.29428397109546256
0.5173185263370504 0.371201179196367
0.5237461154796887 0.3534785188393374
0.5246563738807727 0.3466134698523238
0.5334888446681493 0.34264808351575937
0.544085698882181 0.31320973282322717
0.5372135422428992 0.2859277176557846
0.5614926539700439 0.2462065688532497
0.5785964290753057 0.15988112500494295
0.5706277465009515 0.08055401635412421
0.5010279237345767 0.3631378104733931
0.5017369547921875 0.3672359965707835
0.5014223491184092 0.34939487736947283
0.4949077889517229 0.3318579255508966
0.5119094978496831 0.250083430870529
0.5083065677728036 0.3722805671940478
0.5135648178481348 0.37220466852266526
0.516649116959034 0.3673482125772952
0.5202858330032731 0.3548903882127159
0.522025370858951 0.34952954454105395
0.5081408700996702 0.3633133689395432
0.5036467383974176 0.3620743032246606
0.5046411828935318 0.34412866082197807
0.49911332936612696 0.34289537552484173
0.5029888619539093 0.3351857264847725
0.5169586450399714 0.36881204338788137
0.5192661072120238 0.3623778979437638
0.5259433204660398 0.3387645074584643
0.5110056366435949 0.0924330256884004
0.5045856790323003 0.37025487098578563
0.5035817031472688 0.3651685362966996
0.5054071216544507 0.35634493987047416
0.5064342552389715 0.3530033914919266
0.3964009753417051 0.019962273399999637
0.5099454302999036 0.37142711294907693
0.5115239559278861 0.3714867975630153
0.514390628283836 0.37005316442294217
0.5153445069305592 0.36759407459526694
0.513752483662695 0.36390353443245466
0.5133280731729852 0.3662797657188403
0.5154476091069108 0.3552970505707498
0.518875382319335 0.34439046121919176
0.5062962982476347 0.3654211988463887
0.5010548576473672 0.3392595197404593
0.5124182951129278 0.2825982710795061
0.5190121080263785 0.0
0.46836081907136035 0.005502097087069854
0.5134453457905565 0.36832004589366246
0.5121424802674083 0.36983586426671394
0.5182707718527145 0.33837049014837495
0.5828957278037201 0.014395105519521596
0.660885206915955 0.047234165926185144
0.5109173003753464 0.35807045570088036
0.5109936981178395 0.349638089758775
0.5048200651167193 0.33891421627303686
0.5103777995151773 0.3332826678545044
0.4929565073930176 0.3147150052830594
0.5075076990273845 0.37021568399071253
0.5100056462555318 0.3698623851619047
0.5162351262272762 0.3485264053256878
0.5108074246770228 0.3405887594411389
0.5047501920407075 0.367786704904328
0.5104129555812464 0.3673829602640312
0.5077942265832519 0.368162903122064
0.5238724903870954 0.30426888209860575
0.5042394979060616 0.32714886001322413
0.5227115078268887 0.3240675122468673
0.5098060024966337 0.3149525815825148
0.5153438832518469 0.33010194007781135
0.5296763668898785 0.48485459574093936
