0.5441356610134043 0.5648380433002563
0.49224946510761874 0.5975628517637029
0.5021250413737454 0.6267817559181644
0.5271297836034122 0.5799068070224044
0.5827378185811646 0.5835985572335913
0.47345761561977084 0.655301470156608
0.4684263917246582 0.6333569281127359
0.5280478290852051 0.556459061727928
0.5335652653984931 0.6336518002118459
0.4939069509624617 0.5869500871799838
0.6057688034366169 0.5743895434743999
0.5803448625837824 0.5692905527599917
0.44739567042141265 0.6529651420535552
0.5131530586959498 0.5395304784770357
0.5667942135819486 0.626286077074698
0.4431880915184061 0.7165799900707219
0.5007483316190496 0.6809913279176782
0.46826399210421027 0.5932372568046531
0.5220165897056986 0.682371135340953
0.48168893947652974 0.5702922760647424
0.5510208969789585 0.677880701792511
0.5883477768656383 0.5522024718446921
0.5557321113018524 0.5403933490684941
0.44928412505024673 0.629110638144915
0.4570017936534913 0.5988506611276343
0.6114654288036941 0.539785609888369
0.6208013773424713 0.6170764169997046
0.37217573661560754 0.6350472844651597
0.5820870669191573 0.6654919302075036
0.5213165963518093 0.5136930055036703
0.3915923654407489 0.6201545722708276
0.4964369988385863 0.541965804764903
0.5007865135187821 0.7391481773974387
0.5307761606514266 0.7434268560191016
0.6297538905423604 0.5748322125680376
0.5981107202583225 0.5528529003527378
0.5715460598197517 0.528733815684801
0.5785194298644782 0.729701740983384
0.4913682803618124 0.7949892534975439
0.4250361959424403 0.6260159189505041
0.638969963299115 0.5396418229727521
0.5420045233285206 0.530830981211077
0.5060876575780178 0.5136917405935149
0.4369818304840803 0.6137005158633337
0.4718923559447158 0.5643799506795553
0.3972133006065726 0.754511192473422
0.4850043460114491 0.535161752747257
0.5747329898114331 0.7931984984098882
0.40162434119623663 0.5838075132416064
0.36885476828217884 0.5511794059169969
0.6647771686131051 0.5641169393979465
0.6390105940688323 0.6820310590913692
0.43643511083554765 0.8249184265557065
0.6290209734412424 0.5305665859903163
0.5955901216496086 0.5335957045221045
0.42195205458974433 0.6027211120236372
0.4485028916004945 0.5889423471735211
0.3404793565058167 0.6785377000844905
0.5490132933383326 0.5175058900460511
0.6404779849879187 0.7563416460121586
0.5425132534761603 0.8417084943508764
0.6416704651675241 0.5114278263413375
0.5308933040715192 0.5033243444572495
0.3879729479637877 0.5230865303680753
0.3797727046220659 0.4848036037955941
0.4358926594158779 0.5912063457681999
0.3214798256625175 0.7565644151279496
0.5782389869745154 0.5127374981476359
0.5644317580359745 0.512788311019317
0.30381027144248846 0.6089183726163019
0.2962872519620945 0.7021396342131007
0.48280699029916885 0.5098046253200096
0.62629302117564 0.507828097562169
0.6738958870451921 0.5198986532542705
0.6063783833023486 0.5281413961592318
0.496636587962967 0.506900989989241
0.4880389121341914 0.8774221621195268
0.32567250592956737 0.5366943914227725
0.6134886611177661 0.5169845518200445
0.7120713952948455 0.5404321667125669
0.4105910545047369 0.5736983203133688
0.42551427018697535 0.5826723062518496
0.46339806149993545 0.5572537705560725
0.6321758130234625 0.4935477544848811
0.6963477308542583 0.6115135510092846
0.5498115110791203 0.49532218885614154
0.637967356224344 0.8075330644361951
0.515053592809112 0.49485394123975024
0.3973190282614412 0.45257582756554765
0.4087097009896959 0.5038994407939639
0.23498898670224527 0.6058456016855194
0.34985015884906406 0.8186569742743833
0.5673305231950545 0.49757540483987833
0.7252083433159295 0.6734473447373651
0.6126617079106054 0.8484927487338969
0.5144094648103762 0.4774352996964659
0.3936254139974365 0.4938694922470494
0.3579525714248652 0.47088730932706835
0.44883834463247796 0.5686108949042799
0.21317250173751068 0.7179685799563384
0.6038181846127861 0.49561246838519746
0.5907348528639481 0.5093162137226086
0.713390359308232 0.7522401790610687
0.7203388151096698 0.7898933823823489
0.49928569652085125 0.9365619218853202
0.3973448869106253 0.455434882938879
0.3984117542687729 0.4521323768932038
0.4244026254873975 0.43137627729157024
0.27362245367791355 0.5153915432790882
0.43806725155032006 0.5640631927364975
0.23200760150453262 0.4925360568021462
0.20840151777160046 0.6681445862220406
0.38036545265672334 0.8862947496903009
0.4947083614908502 0.48581539202099266
0.6103731842103274 0.47631412593238587
0.7245251628818317 0.48191131437743095
0.42059480643174907 0.4552684965642433
0.3967569541841918 0.4705267395186681
0.3998046184848262 0.4538192162853585
0.43431645792873885 0.4199902940785867
0.4177283893040235 0.42623714617817393
0.4029568220696174 0.44070299845678385
0.3704492091678911 0.45375757757408974
0.3207023557181373 0.4741650081547528
0.46185982796184805 0.5409410892206307
0.587172896992352 0.4461061883335944
0.6573260639481215 0.4835945460869171
0.7506862842990182 0.589192394357194
0.5312056550040087 0.4901264155111746
0.6093283396697985 0.8874636028052633
0.40345424481750986 0.49800343170383166
0.43634628088995087 0.4142495702004538
0.4258684087339088 0.41469335920885153
0.4241863678500558 0.5598499412080613
0.3450902309959351 0.44657365876895044
0.2465855045177196 0.784505907026532
0.6645787919185487 0.5100651755356096
0.7624098956137868 0.48536252189174894
0.39920726610344737 0.4596152786133367
0.4283196442469146 0.4148468788453896
0.441090449838243 0.40250467293763253
0.429829819772407 0.4054533787266205
0.4104759031907885 0.41288656835093174
0.38982941438970065 0.43250520345001653
0.36391995689914475 0.4338215819855982
0.35135670799298796 0.42459701412453543
0.18198003239762822 0.5166940936913127
0.13666636208533586 0.6306883039588173
0.47529140072197384 0.5082167025493084
0.6403752527065832 0.48860728813276955
0.6245997021053986 0.4798097851814084
0.6389745499637163 0.4495216564493373
0.6868111356923203 0.491186100510422
0.5940251445445486 0.5004748095560281
0.5582263293866065 0.48254150483007063
0.7905088871007322 0.7087565847305011
0.6976948085719815 0.8356630375642955
0.392897705758879 0.2862643919323497
0.4449114279051445 0.3952275704295499
0.4314973853707301 0.39780539520688823
0.4120186252663893 0.40074704744719464
0.38137697771110673 0.4157136223389884
0.31135415976993125 0.4385629073803629
0.45097878700874955 0.5494957530006214
0.29904429762264106 0.8731602464361905
0.5943519567101878 0.4327403452589575
0.622041027382351 0.3648938045482941
0.584967486640237 0.44626874519681364
0.6103981272291124 0.46869266825813954
0.6210687916254835 0.46811892889047757
0.6486016953089797 0.4856586412508438
0.6220767243531984 0.442262176599995
0.5759565539989026 0.49245040604538637
0.5357619043676692 0.47852992334933947
0.7767600665115133 0.7864447847798427
0.5092049937499339 0.46201895518761527
0.4106277646273379 0.4549794262462199
0.41581077289520646 0.4522686650621444
0.43372472037311605 0.39005955541166765
0.4149446534963562 0.39696886700966016
0.3873171469787526 0.40165476559114077
0.36012435930703085 0.4005634511847485
0.40835310188248886 0.5421189224317298
0.24290291785874907 0.38153854682894744
0.44982635253645836 0.535818729997763
0.1502431851402232 0.5751109982563994
0.11920169700147115 0.6772572676587324
0.4796184189866226 0.48219470833525513
0.49358300559148427 0.46217100314846815
0.601721688973693 0.4595961812570062
0.6161969463488429 0.4712211673624449
0.5895325287916044 0.43728145256558226
0.592431494853955 0.43371102788489513
0.6263978826643072 0.4645458036936951
0.5776118071467301 0.48174403204939764
0.816422890534803 0.6446632541028574
0.4443007368550848 0.3778995334031752
0.4539799046001937 0.3842148627508168
0.44309352589154405 0.38783621999343537
0.3888622104752157 0.39294869150862993
0.4590898024917281 0.5295314526130097
0.5972167352112049 0.4212915639374506
0.5655741372243278 0.4394214518551139
0.5952030478837947 0.442440916588032
0.5732328629062169 0.4173034798907386
0.5837595000682917 0.42567294931653216
0.6027695669211901 0.4322567509278336
0.6411797555514176 0.47099045383244736
0.622430153344081 0.4287512919378173
0.8045218364328947 0.5664748399645185
0.5479996436679404 0.47573325286274143
0.8129575391763603 0.7315232401144767
0.5233439324437288 0.46679483366457986
0.6167202053177825 0.9318473631026624
0.3933759251314235 0.33142019956123725
0.44251909773983905 0.3820169873385199
0.43991604457167144 0.38548964059062407
0.4053323012152549 0.3908122103713018
0.3212836145190822 0.39915131985956925
0.584937285284101 0.40434689963258286
0.5709394056869636 0.4076854137590864
0.7457942602442372 0.4757206947907378
0.7631889895437446 0.8413853385376993
0.4393440871046536 0.3718916152568912
0.4296666943121928 0.4934925187316051
0.33183494681397635 0.3938111229739654
0.42551964740686044 0.5329146150940196
0.2804026134715113 0.38695207226095807
0.4583847904045347 0.5049787193018644
0.5841454308683763 0.3964367029585228
0.5731346537610342 0.41044100583498677
0.5820952524743152 0.41505570946990883
0.5822163051649635 0.41998940680778085
0.5937035220636687 0.42235254569330977
0.6126027880405511 0.42306579238905506
0.6478664868164699 0.42667466029416184
0.6741441902756424 0.41580285253430077
0.7220919105371075 0.4363340390733156
0.852224129280561 0.5062020801999191
0.5634072587350427 0.47512948465816673
0.5048444599444148 0.4380546719111578
0.41709610646157386 0.35777803895243515
0.4239891225957904 0.3821976948806809
0.40274090959522574 0.3807217475170524
0.35426258536817135 0.38286330678660946
0.4331183100268726 0.5475341826408646
0.19488963842729795 0.7934867844341033
0.6114293121893896 0.35029960118920284
0.6250285530390184 0.3588285312118327
0.6131145236858764 0.3851193518226124
0.6454873831329146 0.37316123087014513
0.6404242664429017 0.37521173785435347
0.5786254175870666 0.40631543394609176
0.6391034403052145 0.41594201949858106
0.6686354724694729 0.4078715260596103
0.5361074143777039 0.4594250048381483
0.4209337788889594 0.3634209107418464
0.42399491014507673 0.3707124339858932
0.4417784889942849 0.5102721663241211
0.3046862740801745 0.3325173955803574
0.565039057058562 0.37177988432414394
0.6160067155275554 0.38904689423844263
0.5832736571070707 0.41109517547181096
0.5897138297134638 0.41866687337944597
0.6043026395772468 0.4162922404293116
0.6324558149980133 0.41230259482681475
0.8124130434354498 0.4631288455610815
0.8764856436908994 0.7246593540615226
0.43503742750720437 0.401010656808935
0.3701677827762499 0.32344040579303784
0.3990791766752826 0.3547210134696534
0.4020501200148475 0.36280130733812616
0.4054635751946841 0.37108125700658323
0.38012506150774406 0.361258134407705
0.1167331641157982 0.7395238995430875
0.3807484603116206 0.9520765544258729
0.5638522880164757 0.36452470372192947
0.583855687732183 0.40430318976194635
0.5797434889545543 0.4021080593420709
0.5918577076490811 0.4020343781680089
0.596158075034081 0.4110614827819871
0.5582050915195194 0.4513392129886377
0.6995508455155716 0.3998240055873702
0.7354029860351137 0.38723149324265277
0.7716296756275056 0.3757437867143739
0.8660697097050376 0.6241071109792539
0.9002888439987865 0.6361972700639987
0.5199309632334961 0.446097982568902
0.37204253235725426 0.3729973253372436
0.35695143880162816 0.36321100326253375
0.32167219141703407 0.3778161750770602
0.2755239293760039 0.29934872170309107
0.20429479072577433 0.3588019205922542
0.17318230451789973 0.45013858367364645
0.10697943766431012 0.5578075412681713
0.06794253039796104 0.6823117760261627
0.4771464119389475 0.4669252747118361
0.27315210752721764 0.8977124017646758
0.6487760902936681 0.3366513098019422
0.6379896329837553 0.3855598430834177
0.6196294747176065 0.3925952363864676
0.5835777050511577 0.40610034363150255
0.5981025658459631 0.4061363325898761
0.621738487704403 0.4080609122747622
0.6633948840953028 0.402054449401021
0.5510898955868712 0.4594740243616078
0.44368214713186793 0.4245522851864879
0.3728979671924597 0.34491241742218115
0.35483114750904793 0.35378132659357087
0.3181647149270259 0.3491979956614685
0.3138610740177433 0.3292184979053223
0.12778230644789162 0.5058104311442514
0.08696932413128815 0.6001242937392923
0.05074103857764136 0.5983112320449662
0.4915453071031465 0.4411244335988373
0.6266691323709667 0.3973591814021778
0.6565923026426979 0.3978673653061448
0.6949116339836715 0.3933897211852904
0.5490394059038536 0.4421931384585739
0.7208181739914169 0.2895793719252654
0.8135358953682413 0.3710333873320264
0.8866032813925133 0.48285240199358986
0.5285363216207056 0.4389807546400414
0.41234076383141804 0.28998763589703064
0.1325165078658583 0.4475827526035742
0.5548837325876033 0.40820347121782635
0.6806113476809205 0.3586292423567896
0.6615459404383477 0.3847550212255657
0.6242777145752435 0.3955599716647751
0.649633295220184 0.39304376749367326
0.6898996179889526 0.3789510861500449
0.7172086782249847 0.34736721251659636
0.9064510638515642 0.5536915893327913
0.26715135579434235 0.268287963330311
0.06639312312596014 0.5428282758038233
0.46172857313131294 0.47677137406171943
0.3650975198306287 0.9866301209810652
0.4982414566599344 0.4226093118947676
0.600323339026163 0.33688167016766624
0.6764191966478053 0.30972197407600394
0.5386535887490078 0.4365309052292624
0.5520139223087905 1.0
0.4425716189569889 0.4807975344245813
0.32848999976340537 0.23481680283602366
0.08767217590489483 0.7554179305368883
0.15467911525689812 0.8004230820183605
0.6236550448204675 0.3150092557939284
0.5467977786686828 0.42131794976095527
0.8853801599428791 0.7750331282380629
0.696334241441647 0.9244880917032722
0.5103131776139873 0.4259097663049961
0.3442202817172898 0.24368604144856956
0.23728062885018625 0.2731154507636856
0.09273230575652978 0.5035398337480502
0.47956997395775036 0.43773049735900293
0.04144970898434587 0.6958439978542992
0.1641448250424538 0.8321067385336223
0.574608762768248 0.34970370121259364
0.6832964168896642 0.270253076039231
0.7636738450613798 0.32195977830120054
0.8650647052136123 0.4297370361295345
0.9378497956406416 0.6081524647387907
0.9280425616170566 0.6674400342084325
0.8199950138716824 0.8470992578097237
0.7281025634554307 0.9387748904822397
0.4131379476610524 0.26511800832993593
0.388956182154974 0.2566824333870349
0.4340472376144452 0.35384972779227236
0.3478926338102014 0.26346838167610853
0.4538558399579788 0.407483184763589
0.1032723762768613 0.43608915023942396
0.590854444002529 0.3277282068521546
0.551975959033493 0.3936751327503453
0.9107746853731223 0.4968509345147398
0.3028866363971223 0.22960220423789068
0.14455337069285562 0.3814897863021714
0.4617461392029639 0.4524432242268904
0.06343449453908451 0.7703099321890031
0.5692778337846005 0.34487448580482255
0.6415229804113858 0.2786717407395106
0.7751715589186297 0.2787092331774957
0.5225742551133186 0.42335873208028874
0.42433664557474554 0.30339684554378776
0.4287621670247261 0.3184355356412736
0.4522988168171378 0.3661734145584914
0.3670438075602832 0.23759494616332744
0.40229187016880785 0.18945496713802135
0.2912683850752184 0.2162196963903076
0.07472274601201728 0.48016120584131655
0.02435239617205389 0.6299636667011763
0.5074816430708382 0.4126211196332642
0.4911013439819951 0.4147699051886866
0.5600580484026433 0.3561721333474943
0.6191305694090652 0.28835869582149776
0.5506244610936968 0.38087122489125963
0.7422474603606325 0.2569803483340267
0.8406443082239677 0.35733541758649245
0.8813154407152081 0.417019671230199
0.9333256226148288 0.5327057245336805
0.95439850754451 0.674338862666159
0.41556400302476654 0.2684239522794846
0.45760680945909266 0.43792102431560453
0.2708619661658639 0.21221651392224816
0.5328990027089487 0.41281964277717026
0.5186924215656029 0.40623473375708485
0.43145594847293867 0.2731545785439341
0.41896874512748694 0.2371260810248575
0.4642502732664105 0.4111305351967304
0.3740916067414823 0.18468034005967796
0.19488669261650765 0.27937632316493805
0.049718891149370094 0.481854536484801
0.034613202579036974 0.5357434637659152
0.47416024116581035 0.421407153869728
0.5506245842054878 0.3577941784048919
0.54606943684376 0.3698825451899967
0.550943583221248 0.3732694366872047
0.5712976481100527 0.33753071716776584
0.6181169049004056 0.24928123553297002
0.6547081688316947 0.2487957764821502
0.6788169271040477 0.23184064014773015
0.7234981669512225 0.202185844079204
0.4395937174873373 0.3185645157042198
0.44723835734148576 0.31262657355213813
0.44253213044486056 0.2933466558827811
0.3991689778465172 0.2107451984879463
0.3377420447085341 0.19565478913164905
0.33327255335153316 0.17630482806147962
0.11379778773018188 0.3739698471904811
0.0 0.6317716101912431
0.5022032784867866 0.4005751842595888
0.4864096714480881 0.4059306450429627
0.5350545196152182 0.36716542121657353
0.5556276131100769 0.35103182071404154
0.541692143801782 0.39953687377746316
0.9239787689311829 0.4384067532839368
0.8981070776516312 0.7964978898987716
0.4762480456908696 0.344821539236733
0.4386301598182688 0.33134630627060174
0.07165494538291768 0.4366158928060744
0.5476508510904335 0.3608999929788909
0.5398434406872327 0.36575067206796164
0.7086242901861576 0.22902833690990804
0.7913671582192323 0.2558736709378087
0.8657121561667265 0.3513590456550154
0.49361385851664585 0.3681204923613337
0.47365706999414775 0.34305664084633436
0.4602524860203395 0.31841491221376517
0.42570903039956326 0.25047746609994526
0.4456376002061 0.16131189049940922
0.4148586560495618 0.15578415220463152
0.012640486221592119 0.5576697728005082
0.5400704163724968 0.3677261718557156
0.5553019321378967 0.34817122723600513
0.5281200507691124 0.3765001314933873
0.5955064437144337 0.3011468175467322
0.536789277892807 0.38103988864122973
0.6587781091691036 0.20498353173228748
0.9642014507149979 0.5610090482377074
0.9844703727025254 0.5955483551571146
0.4930520298309596 0.364994088972591
0.4711418853714724 0.3353212524219453
0.45182682256145246 0.29802339919466897
0.4344926437420313 0.2651671738853149
0.17840727719932462 0.2390918054711101
0.5289667920424902 0.3700370496960836
0.5425570720920198 0.36011446999660585
0.5443795849854145 0.3561876120733889
0.5778813438662428 0.3183234950978787
0.5996040631946336 0.2656399440647175
0.5369264104870581 0.39016135946884467
0.641870524747617 0.20974052314373365
0.6949776508492174 0.1855442039449794
0.8764396414355499 0.32490387063498855
0.49728076889816714 0.3706792516255164
0.49688175859652883 0.3688888148623165
0.48604437949578105 0.37071050097597313
0.49323736466378326 0.3646491531619355
0.48756440750827695 0.35820557411458853
0.42779826449967007 0.2392412788714337
0.4684398990165433 0.3860795129187205
0.34269813609540895 0.14479528313226583
0.05872629789239628 0.3994123268666502
0.020429047609265786 0.4801486176386282
0.5231845008900603 0.3723216771027072
0.5231821269394333 0.37207158903074167
0.5278610330504092 0.371237219176357
0.5359212520174053 0.36348661776106655
0.5614216222327282 0.3354554172973391
0.6864594944543857 0.1956116822155667
0.9869214501181319 0.6611669796089824
0.4932012053924734 0.3628973029073213
0.48783614207911785 0.3559516245891082
0.4756114914772047 0.33847150338356446
0.4438944631398523 0.2663104197693033
0.4578039745558203 0.3609838608794222
0.43245850815484865 0.1903113143427535
0.00024607244854707146 0.4821478278284647
0.4906024052808616 0.39333911885215433
0.5290015521451645 0.36769914803969544
0.5199943592358632 0.3740998887296282
0.5891344988403027 0.2840889401828013
0.6070431162972673 0.23437483574510018
0.5967811743281395 0.20709925832358972
0.8244123962403762 0.2589181836542217
0.9086198580758822 0.3347047000568593
0.5002186733405761 0.3699838724775897
0.49414105263722213 0.3617357652239252
0.49768465992230604 0.3677628060058714
0.4863459516214 0.3486374836073616
0.4737965265828038 0.3287170779649772
0.45699622479409474 0.29772934426235254
0.4748789067636222 0.4023725662953085
0.3582791181564901 0.16839404147971734
0.4283188388543483 0.10418102975180137
0.2739855741845588 0.17149654291511876
0.09980269221619215 0.3560820566287043
0.06438838377436135 0.3273494713721045
0.5207549938638191 0.3677076775566465
0.5250682963869071 0.3701376831635649
0.5266357153778078 0.3667048834481221
0.5180065122698702 0.3734114698780157
0.5358630535546915 0.3603804218541785
0.510802069072075 0.3800632653491074
0.5733764816781558 0.31165151298452226
0.5550874514244789 0.3375013546244935
0.5296375066610617 0.3991445288141199
0.9645093550550106 0.40063147589958564
1.0 0.5406110436704555
0.5055400213131193 0.39020822351054146
0.5156638450021859 0.3972758730401976
0.5016428721493825 0.3680739135494933
0.4975738135509088 0.3635655551548227
0.49980097348025876 0.37133082640335163
0.4877461610528088 0.3467988978719789
0.4779238163367102 0.33312601684174836
0.45289394361511975 0.27668318447411133
0.459779294892138 0.19104217242546986
0.4528266663172149 0.06746413977857872
0.513730657620575 0.37205456462103803
0.520349229339413 0.3704407028858115
0.5528147900397613 0.33353229230790965
0.5422021253389748 0.34799302897729717
0.5247340118479271 0.3908724843885225
0.5765883755660393 0.2553397620845205
0.6583510167770923 0.14689216885552459
0.7659696259530067 0.19552358688824958
0.8509097683964438 0.25349422226180884
0.49795492677164305 0.3588830109496598
0.4636075761508108 0.29334432651429787
0.4756799003040351 0.15882927709961125
0.41292222745987966 0.131796722294208
0.38664734510253423 0.07982299313179694
0.2003620534487713 0.15143998050768237
0.5103688353251336 0.3693610328494949
0.5080167706939092 0.3701070152706177
0.5157023160315553 0.36833631240374004
0.5362087134114211 0.3537845959380022
0.5366264158933601 0.34959896140778535
0.568961987016925 0.2217532906876282
0.6186876919907821 0.17643257113717556
0.6528353629555346 0.16474612740181552
0.4903602704727874 0.34791274714241116
0.49714450988789827 0.37364874375985646
0.4804383904991366 0.3737723069019324
0.4772140133041837 0.319924030498806
0.4379449556559474 0.22195766186941698
0.49267111933022867 0.3847422595404154
0.5122632278571627 0.3724466888549884
0.5284662152317338 0.3575684118570936
0.5648635849430798 0.30658652292664235
0.574775618950597 0.2732275062865518
0.6910611623459213 0.1595591170900227
0.4556779887637115 0.2614318475437574
0.4739224174867769 0.38533675315711063
0.4533491267612784 0.20921886294414205
0.4738532514732811 0.1720199127877634
0.5136635203803099 0.36497441823918386
0.5226549231837931 0.35792626223248253
0.5069078611763355 0.37301075440098713
0.5213900277787537 0.38438732956475724
0.5417799214819697 0.3345255400541726
0.5865749810052981 0.18190461970357688
0.7897512568578948 0.1951321123858135
0.871124574033678 0.24239159748074812
0.5033775667821804 0.3664811134439714
0.4983571798576182 0.35293914950748523
0.4786345839997286 0.3139279840030252
0.49356387537609486 0.17977662349567214
0.46883600641382717 0.11042838179523029
0.5216942250032375 0.3536230205325218
0.7144625155828043 0.16135678905459658
0.4450233343037874 0.21534484871907375
0.5060903941948917 0.3624814640165865
0.5110469540083978 0.3587150240918055
0.5006786303015296 0.3475843600999892
0.4620046833211402 0.2625634649905557
0.475650822439925 0.18968782598015227
0.48577208616954926 0.220402169105728
0.4836829532536048 0.1803079907617594
0.4609035480003664 0.13103868846840344
0.5100550764237373 0.0824206314517883
0.46364325982421484 0.03338292835740559
0.3127144888490176 0.05582351065606545
0.5626658977411451 0.23948067987162136
0.4793988786570379 0.2994441569112305
0.4973751262948237 0.3778855691124076
0.46118332364551795 0.23983175539258114
0.49934449364399003 0.06746307474389127
0.5491134972048326 0.23129823219274714
0.6972996505249398 0.1089306376064959
0.7552032277363228 0.11436698047659298
0.47126953292429574 0.2362937658821879
0.4951905951011887 0.26650783720278526
0.5348258225754899 0.05554215308008112
0.5189744512375448 0.34881644649446886
0.547030690284835 0.3241508171542309
0.6042461278487301 0.14742120655340019
0.46322328616871095 0.21648350609503964
0.5046647464467734 0.2868488000521668
0.5289799392988677 0.10534831596216748
0.5607498961265994 0.29513937077329777
0.5571490426523051 0.23796960705146578
0.5553294697228316 0.19111215399424636
0.600442042955969 0.15745143344564652
0.6294820324370065 0.13799032370938435
0.6215790683120999 0.11449818342667956
0.6534833480079142 0.12276676376998813
0.6243967310628604 0.08520069382340273
0.5874916501691442 0.04258558707678703
0.4794924966704544 0.2666062953632764
0.4768382595324104 0.2667943954838845
0.5018747075877342 0.26515742748589033
0.4977777569977867 0.14364623152655856
0.5597902696996532 0.07841844238531737
0.5057762741661012 0.3459908958041891
0.5351626663034573 0.3282953472743665
0.5435349816429015 0.30669972472317497
0.5280823258307913 0.2559518593091918
0.5389323373643066 0.2243555529749347
0.5205367499657597 0.3184474900734973
0.49024881244571755 0.2765554239198033
0.5097915120115963 0.22995811462130736
0.49796796929676185 0.20506957883973434
0.51191828928713 0.16472588748980058
0.5576092044190553 0.295305022205237
0.5543998733401863 0.25900953561631923
0.5784835226653073 0.1520085652850083
0.539751078735008 0.03561449869012296
0.4935293892447721 0.3160381673481846
0.4890121129627649 0.2856191502313512
0.5064718278148154 0.2877759340995004
0.5101180616400406 0.24127435135680425
0.3964009753417051 0.019962273399999637
0.5111642591264439 0.3453069096095852
0.5183930078550275 0.3418104968609723
0.5392412260034213 0.3200337934727884
0.5343496990990259 0.3175219113379693
0.5465845054361161 0.29458722114830926
0.5416799416143925 0.30181330417386754
0.5196474189503468 0.2602383807192986
0.5355448608191334 0.20395568104141704
0.5020888145220908 0.30687484741257226
0.5064774586185663 0.19161220521643127
0.5642717904181039 0.09149245767102394
0.5190121080263785 0.0
0.46836081907136035 0.005502097087069854
0.5349261439826104 0.31810215661587016
0.5274163519502434 0.33024856413736486
0.5460619681738399 0.16686966241028725
0.5828957278037201 0.014395105519521596
0.660885206915955 0.047234165926185144
0.5146556857097011 0.26454818017125814
0.5173841187804402 0.2278684134107195
0.5132733162437275 0.18920446360944182
0.5287896527166296 0.1575639086790517
0.5053168471237076 0.12177503879777413
0.506467377800465 0.33602724972921244
0.5168387892863839 0.3344129134033038
0.5278024645988442 0.21054314056942214
0.5298278404372253 0.17178540099339543
0.49725232425807614 0.31011053491395935
0.5256691870141389 0.31986628473892387
0.5105834823219353 0.32374395795225247
0.5947374273938091 0.1198836333704415
0.5224227044603335 0.13449565373343234
0.582678267904232 0.13341740510294148
0.5539693496101447 0.12259811358357688
0.5584093806705523 0.13525355977162143
0.5389268583990192 0.6232957714274091
