138.0 48.0
135.0 56.0
132.0 64.0
129.0 72.0
126.0 80.0
122.0 88.0
119.0 96.0
116.0 104.0
113.0 112.0
110.0 120.0
107.0 128.0
104.0 136.0
101.0 144.0
98.0 152.0
94.0 160.0
91.0 168.0
88.0 176.0
85.0 184.0
82.0 192.0
79.0 200.0
76.0 208.0
73.0 216.0
69.0 224.0
66.0 232.0
63.0 240.0
58.0 253.0
66.0 232.0
74.0 212.0
82.0 191.0
90.0 170.0
98.0 150.0
106.0 129.0
114.0 109.0
122.0 88.0
130.0 68.0
138.0 48.0
146.0 48.0
154.0 48.0
162.0 48.0
170.0 48.0
178.0 48.0
186.0 61.0
194.0 81.0
202.0 101.0
210.0 121.0
218.0 141.0
226.0 161.0
234.0 181.0
242.0 201.0
250.0 221.0
182.0 48.0
185.0 56.0
188.0 64.0
191.0 72.0
194.0 80.0
198.0 88.0
201.0 96.0
204.0 104.0
207.0 112.0
210.0 120.0
214.0 128.0
217.0 136.0
220.0 144.0
223.0 152.0
226.0 160.0
230.0 168.0
233.0 176.0
236.0 184.0
239.0 192.0
242.0 200.0
246.0 208.0
249.0 216.0
252.0 224.0
255.0 232.0
258.0 240.0
58.0 253.0
66.0 253.0
74.0 253.0
82.0 253.0
90.0 253.0
98.0 253.0
106.0 238.0
114.0 216.0
122.0 206.0
130.0 206.0
138.0 206.0
146.0 206.0
154.0 206.0
162.0 206.0
170.0 206.0
178.0 206.0
186.0 206.0
194.0 206.0
202.0 209.0
210.0 229.0
218.0 250.0
226.0 253.0
234.0 253.0
242.0 253.0
250.0 253.0
