79.0 48.0
79.0 56.0
79.0 64.0
79.0 72.0
79.0 80.0
79.0 88.0
79.0 96.0
79.0 104.0
79.0 112.0
79.0 120.0
79.0 128.0
79.0 136.0
79.0 144.0
79.0 152.0
79.0 160.0
79.0 168.0
79.0 176.0
79.0 184.0
79.0 192.0
79.0 200.0
79.0 208.0
79.0 216.0
79.0 224.0
79.0 232.0
79.0 240.0
79.0 48.0
86.0 48.0
93.0 48.0
100.0 48.0
107.0 48.0
114.0 48.0
121.0 48.0
128.0 48.0
135.0 48.0
142.0 48.0
149.0 48.0
156.0 48.0
163.0 48.0
170.0 48.0
177.0 48.0
184.0 49.0
191.0 49.0
198.0 50.0
205.0 52.0
212.0 55.0
219.0 59.0
226.0 65.0
233.0 74.0
240.0 95.0
247.0 176.0
185.0 48.0
215.0 56.0
226.0 64.0
232.0 72.0
237.0 80.0
239.0 88.0
240.0 96.0
240.0 104.0
239.0 112.0
235.0 120.0
230.0 128.0
222.0 136.0
212.0 144.0
229.0 152.0
238.0 160.0
244.0 168.0
248.0 176.0
250.0 184.0
251.0 192.0
250.0 200.0
249.0 208.0
246.0 216.0
242.0 224.0
236.0 232.0
228.0 240.0
79.0 253.0
86.0 253.0
93.0 253.0
100.0 253.0
107.0 253.0
114.0 253.0
121.0 253.0
128.0 253.0
135.0 253.0
142.0 253.0
149.0 253.0
156.0 252.0
163.0 252.0
170.0 252.0
177.0 252.0
184.0 252.0
191.0 252.0
198.0 251.0
205.0 250.0
212.0 248.0
219.0 246.0
226.0 241.0
233.0 236.0
240.0 227.0
247.0 212.0
