160.0 44.0
127.0 52.0
112.0 60.0
103.0 68.0
95.0 76.0
89.0 84.0
85.0 92.0
81.0 100.0
78.0 108.0
76.0 116.0
74.0 124.0
73.0 132.0
72.0 140.0
72.0 148.0
72.0 156.0
72.0 164.0
73.0 172.0
75.0 180.0
76.0 188.0
79.0 196.0
82.0 204.0
86.0 212.0
92.0 220.0
98.0 228.0
107.0 236.0
71.0 151.0
78.0 106.0
85.0 90.0
92.0 80.0
99.0 72.0
106.0 65.0
113.0 60.0
120.0 55.0
127.0 52.0
134.0 49.0
141.0 47.0
148.0 46.0
155.0 45.0
162.0 45.0
169.0 44.0
176.0 45.0
183.0 46.0
190.0 47.0
197.0 49.0
204.0 51.0
211.0 55.0
218.0 59.0
225.0 64.0
232.0 71.0
239.0 81.0
177.0 44.0
208.0 52.0
221.0 60.0
230.0 68.0
237.0 76.0
242.0 84.0
245.0 92.0
248.0 100.0
228.0 108.0
117.0 116.0
115.0 124.0
114.0 132.0
113.0 140.0
113.0 148.0
113.0 156.0
114.0 164.0
115.0 172.0
217.0 180.0
242.0 188.0
248.0 196.0
245.0 204.0
242.0 212.0
237.0 220.0
231.0 228.0
223.0 236.0
71.0 151.0
78.0 196.0
85.0 211.0
92.0 222.0
99.0 230.0
106.0 236.0
113.0 241.0
120.0 246.0
127.0 249.0
134.0 252.0
141.0 253.0
148.0 255.0
155.0 256.0
162.0 256.0
169.0 256.0
176.0 256.0
183.0 255.0
190.0 253.0
197.0 251.0
204.0 248.0
211.0 245.0
218.0 240.0
225.0 234.0
232.0 227.0
239.0 216.0
