306 279.11
306 278.06
305.51 280
306 277
305 280.89
306.15 276
305 281.94
307 275.23
305 282.99
307 274.17
304.88 284
307 273.12
304 284.77
308 272.4
304 285.82
308 271.35
304 286.87
309 270.62
304 287.92
309 269.57
304 288.97
309 268.52
304 290.02
310 267.79
303.77 291
310 266.74
303 291.8
310.97 266
303 292.85
311 264.96
303 293.9
311.28 264
303 294.96
312 263.18
303 296.01
312 262.13
303 297.06
313 261.4
303 298.11
313 260.35
303 299.16
314 259.63
303 300.21
314 258.57
303 301.26
315 257.85
303 302.32
315.63 257
303 303.37
316 256.07
303 304.42
316 255.02
303 305.47
317 254.29
303 306.52
317 253.24
303 307.57
318 252.51
303 308.62
319 251.79
303 309.68
319 250.74
303 310.73
319.97 250
303 311.78
320.13 249
303 312.83
321 248.23
303 313.88
321 247.18
303 314.93
322 246.45
303 315.99
323 245.73
303 317.04
324 245
303 318.09
324 243.95
303 319.14
324.32 243
303 320.19
325 242.17
303 321.24
326 241.44
303 322.29
327 240.72
303 323.35
327 239.67
303 324.4
328 238.94
303 325.45
328.34 238
303 326.5
329 237.16
303 327.55
329 236.11
303 328.6
330 235.38
303 329.65
303 303.64
303 302.4
303 304.87
303 301.16
303 306.11
303 299.93
303 307.34
303 298.69
303 308.58
303 297.46
303 309.82
303 296.22
303 311.05
303 294.98
303 312.29
303 293.75
303 313.52
303 292.51
303 314.76
303 291.27
303 316
304 290.77
303 317.23
304 289.53
303 318.47
304 288.29
303 319.7
304 287.06
303 320.94
304 285.82
303 322.18
304 284.58
303 323.41
304.9 284
303 324.65
305 282.84
303 325.88
305 281.6
303 327.12
305 280.37
303 328.36
306 279.86
303 329.59
306 278.62
303 330.83
306 277.39
303 332.07
306 276.15
303 333.3
307 275.64
303 334.54
307 274.4
303 335.77
307 273.17
303 337.01
308 272.66
303 338.25
308 271.42
303 339.48
309 270.91
303 340.72
309 269.68
303 341.95
309 268.44
303 343.19
310 267.93
303 344.43
310 266.69
303 345.66
310.74 266
303 346.9
311 264.95
303 348.13
311.39 264
303 349.37
312 263.2
303 350.61
312.04 262
303 351.84
313 261.46
303 353.08
313 260.22
303 354.31
314 259.71
303 355.55
314 258.48
303 356.79
315 257.97
303 358.02
315.37 257
303 359.26
316 256.22
303 360.49
316.02 255
303 361.73
317 254.48
303 362.97
317 253.24
303 364.2
303 344.9
303 343.2
303 346.6
303 341.5
303 348.3
303 339.8
303 350
303 338.1
303 351.71
303 336.39
303 353.41
303 334.69
303 355.11
303 332.99
303 356.81
303 331.29
303 358.51
303 329.59
303 360.21
303 327.89
303 361.91
303 326.19
328 398.02
303 324.48
328 399.73
303 322.78
327.69 401
303 321.08
327 401.75
303 319.38
327 403.45
303 317.68
326.89 405
303 315.98
326 405.48
303 314.28
325.14 406
303 312.58
325 407.51
303 310.87
324.12 408
303 309.17
323 408.16
303 307.47
322.38 409
303 305.77
321.14 409
303 304.07
320.63 410
303 302.37
321 412.21
303 300.67
321 413.91
303 298.97
321 415.61
303 297.26
321 417.31
303 295.56
321 419.01
303 293.86
320.48 420
303 292.16
320 421.04
303.39 291
319.46 422
304 290.13
318.95 423
304 288.43
317.72 423
304 286.73
317 423.72
304 285.03
315.97 424
304.49 284
315 424.36
305 283
314.23 425
305 281.3
312.99 425
305.29 280
312 425.34
306 279.28
311.24 426
306 277.57
310.01 426
306.09 276
309 426.31
307 275.55
308.26 427
307 273.85
307.03 427
307.62 273
305.79 427
308 271.82
304.55 427
308.64 271
303.32 427
309 269.79
302.08 427
294.57 427
295.63 427
293.52 427
296.68 427
292.15 426
297.73 427
291.09 426
298.78 427
289.72 425
300.16 428
288.67 425
301 427.36
287.29 424
301.93 427
285.91 423
302.99 427
284.54 422
304.04 427
283.16 421
305.09 427
281.78 420
306.14 427
280.41 419
307.19 427
279.03 418
308.24 427
277.01 415
309 426.09
275.3 413
310.02 426
273.28 410
311.07 426
274 415.46
312 425.62
274 418.69
312.85 425
274 421.93
313.9 425
273.62 424
314.95 425
273 425.32
315.68 424
272.49 427
316.73 424
271.77 428
317.46 423
271 428.88
318.51 423
269.99 429
319.24 422
268.94 429
320 421.12
268 429.35
320.69 420
267.16 430
321 417.72
266.11 430
321 414.49
265.06 430
320.59 410
264 430
321.32 409
263.28 431
322.37 409
262.23 431
323.1 408
261.18 431
324.15 408
260.12 431
325 407.38
259.07 431
325.6 406
258.02 431
326.33 405
257 431.09
327 403.83
256.24 432
327.13 401
272.41 485
328 400.43
272 486.97
328 397.2
271 487.13
303 317.02
270.23 488
303 313.78
269.18 488
303 310.55
268.45 489
303 307.31
267.73 490
303 304.07
266.68 490
303 300.84
265.95 491
303 297.6
265 491.31
303 294.37
264.17 492
239.5 501
240.5 501
238.5 501
241.5 501
237.5 502
242.5 500
236.5 502
243.5 500
235.5 502
244.5 500
234.5 503
245.5 499
233.5 503
246.5 499
232.5 503
247.5 499
231.5 503
248.5 498
230.5 504
249.5 498
229.5 504
250.5 498
228.5 504
251.5 497
227.5 504
252.5 497
226.5 504
253.5 496
225.5 505
254.5 496
224.5 505
255.5 496
223.5 505
256.5 495
222.5 505
257.5 495
221.5 506
258.5 494
220.5 506
259.5 494
219.5 506
260.5 494
218.5 506
261.5 493
217.5 506
262.5 493
216.5 507
263.5 492
215.5 507
264.5 492
214.5 507
265.5 491
213.5 507
266.5 490
212.5 507
267.5 490
211.5 507
268.5 489
210.5 508
269.5 488
209.5 508
270.5 488
208.5 508
271.5 487
207.5 508
272.5 485
206.5 508
273.5 424
205.5 508
274.5 411
204.5 508
275.5 413
203.5 508
276.5 414
202.5 508
277.5 415
201.5 508
278.5 416
200.5 509
279.5 418
199.5 509
280.5 419
198.5 509
281.5 420
197.5 509
282.5 420
196.5 509
283.5 421
195.5 509
284.5 422
194.5 509
285.5 423
193.5 509
286.5 423
192.5 509
287.5 424
191.5 509
288.5 425
190.5 509
158.76 506
159.81 506
157.71 506
160.86 506
156.98 505
161.91 506
155.93 505
162.64 507
154.88 505
163.69 507
153.83 505
164.74 507
153 504.3
165.79 507
152.05 504
166.84 507
151 504
167.9 507
150 503.83
168.62 508
149.22 503
169.67 508
148.17 503
170.73 508
147.11 503
171.78 508
146.39 502
172.83 508
145.34 502
173.88 508
144.29 502
174.93 508
143.56 501
175.98 508
142.51 501
176.71 509
141.46 501
177.76 509
140.73 500
178.81 509
139.68 500
179.86 509
138.95 499
180.91 509
137.9 499
181.97 509
137 498.53
183.02 509
136.12 498
184.07 509
135.07 498
185.12 509
134.34 497
186.17 509
133.29 497
187.22 509
132.57 496
188.28 509
131.51 496
189.33 509
130.79 495
190.38 509
129.74 495
191.43 509
129 494.03
192.48 509
128 493.87
193.53 509
127.23 493
194.58 509
126.18 493
195.64 509
125.45 492
196.69 509
124.73 491
197.74 509
123.68 491
198.79 509
122.95 490
199.84 509
122 489.69
200.89 509
121.17 489
202.27 508
120.12 489
203.32 508
119.39 488
204.37 508
118.67 487
205.42 508
117.94 486
206.47 508
117 485.66
207.53 508
116.16 485
208.58 508
115.44 484
209.63 508
114.71 483
98 452.26
98 453.96
98 450.56
98.48 455
97.895 449
99 455.99
97 448.53
99 457.69
97 446.83
100 458.01
97 445.13
100 459.71
97 443.43
100.3 461
97 441.73
101 461.74
97 440.02
101 463.44
97 438.32
101.83 464
97 436.62
102 465.47
97 434.92
102.85 466
97 433.22
103 467.49
98 430.14
103.87 468
98 428.44
104 469.52
99 425.36
104.89 470
99 423.66
105 471.55
100 420.58
105.91 472
101 417.51
106.42 473
102 414.43
107 473.9
103 411.35
107.43 475
104 408.27
108 475.92
107 402.44
109 476.25
109 397.99
109 477.95
109 396.29
110 478.27
109 394.59
110.71 479
110 391.51
111.22 480
110 389.81
112 480.63
110 388.11
112.96 481
110 386.4
113.47 482
110 384.7
114 482.98
110 383
115 483.3
111 379.92
115.73 484
110.43 379
116.24 485
110 377.9
117 485.65
110 376.2
117.98 486
110 374.49
118.49 487
110 372.79
119 488
109.34 372
120 488.33
109 370.77
120.75 489
109 369.07
121.98 489
109 367.36
122.49 490
109 365.66
123 491
108.25 365
124.24 491
108 363.64
125 491.65
108 361.94
125.98 492
108 360.23
126.49 493
108 358.53
127.73 493
107.15 358
128.24 494
107 356.51
107 353.77
107 355
107 352.53
107 356.24
107 351.29
107 357.48
107 350.06
107.98 358
106.76 349
108 359.22
106 348.31
108 360.46
106 347.08
108 361.69
106 345.84
108 362.93
106 344.6
108 364.16
106 343.37
108.55 365
106 342.13
109 365.91
106 340.9
109 367.15
106 339.66
109 368.38
106 338.42
109 369.62
105 337.92
109 370.85
105 336.68
109.13 372
105 335.44
110 372.6
105 334.21
110 373.84
105 332.97
110 375.07
105 331.73
110 376.31
105 330.5
110 377.54
105 329.26
110 378.78
105 328.03
111 379.29
105 326.79
111 380.53
105 325.55
110 382.49
105 324.32
110 383.73
104 323.81
110 384.96
104 322.57
110 386.2
104 321.34
110 387.43
104 320.1
110 388.67
104 318.86
110 389.91
104 317.63
110 391.14
104 316.39
110 392.38
104 315.16
109 394.34
104 313.92
109 395.58
104 312.68
109 396.81
104 311.45
109 398.05
104 310.21
108 400.01
104 308.98
108 401.25
104 307.74
107 403.21
104 306.5
106 405.17
104 305.27
105 407.13
104 304.03
104 409.1
104 302.8
103 411.06
104 301.56
102 413.02
104 300.32
102 414.26
104 299.09
101 416.22
104 297.85
101 417.46
104 296.62
100 419.42
104 295.38
104 301.53
104 302.58
104 300.48
104 303.63
104 299.42
104 304.68
104 298.37
104 305.73
104 297.32
104 306.78
104 296.27
104 307.84
104 295.22
104 308.89
104 294.17
104 309.94
104 293.11
104 310.99
104 292.06
104 312.04
104 291.01
104 313.09
104 289.96
104 314.14
104 288.91
104 315.2
104 287.86
104 316.25
104 286.81
104 317.3
104 285.75
104 318.35
104 284.7
104 319.4
105 283.33
104 320.45
105 282.28
104 321.5
105 281.22
104 322.56
105 280.17
104 323.61
105 279.12
105 324.33
105 278.07
105 325.39
105 277.02
105 326.44
105 275.97
105 327.49
105 274.92
105 328.54
106 273.54
105 329.59
106 272.49
105 330.64
106 271.44
105 331.69
106 270.38
105 332.75
106 269.33
105 333.8
106 268.28
105 334.85
106 267.23
105 335.9
107 265.85
105 336.95
107 264.8
105.01 338
107 263.75
106 338.73
108 262.37
106 339.78
108 261.32
106 340.83
108 260.27
106 341.88
108 259.22
106 342.94
109 257.84
106 343.99
109 256.79
106 345.04
110 255.42
106 346.09
110 254.36
106 347.14
110 253.31
106 348.19
111 251.94
106.75 349
112 250.56
107 349.97
112 249.51
107 351.02
113 248.13
107 352.07
113 247.08
109 257.5
109 258.5
109 256.5
108 259.5
110 255.5
108 260.5
110 254.5
108 261.5
110 253.5
108 262.5
111 252.5
107 263.5
111 251.5
107 264.5
112 250.5
107 265.5
112 249.5
107 266.5
113 248.5
106 267.5
113 247.5
106 268.5
113 246.5
106 269.5
114 245.5
106 270.5
114 244.5
106 271.5
115 243.5
106 272.5
115 242.5
106 273.5
116 241.5
105 274.5
116 240.5
105 275.5
117 239.5
105 276.5
117 238.5
105 277.5
118 237.5
105 278.5
118 236.5
105 279.5
119 235.5
105 280.5
119 234.5
105 281.5
120 233.5
105 282.5
120 232.5
105 283.5
121 231.5
104 284.5
121 230.5
104 285.5
122 229.5
104 286.5
122 228.5
104 287.5
123 227.5
104 288.5
123 226.5
104 289.5
124 225.5
104 290.5
124 224.5
104 291.5
125 223.5
104 292.5
125 222.5
104 293.5
126 221.5
104 294.5
126 220.5
104 295.5
127 219.5
104 296.5
127 218.5
104 297.5
128 217.5
104 298.5
128 216.5
104 299.5
129 215.5
104 300.5
130 214.5
104 301.5
130 213.5
104 302.5
131 212.5
104 303.5
131 211.5
104 304.5
132 210.5
104 305.5
132 209.5
104 306.5
133 208.5
126 220.62
126 221.67
127 219.9
125 222.4
127 218.84
125 223.45
127.64 218
124 224.18
128 217.07
124 225.23
128 216.01
123.14 226
129 215.29
123 227.01
130 214.56
122.82 228
130 213.51
122 228.79
131 212.78
122 229.84
131 211.73
121 230.56
131.98 211
121 231.61
132 209.95
120 232.34
132.3 209
120 233.39
133 208.18
119 234.12
134 207.45
119 235.17
134 206.4
118.32 236
135 205.67
118 236.95
136 204.94
118 238
136 203.89
117 238.73
136.49 203
117 239.78
137 202.12
116 240.5
137 201.06
116 241.56
138 200.34
115 242.28
139 199.61
115 243.33
140 198.88
114 244.06
140 197.83
114 245.11
140.67 197
113.5 246
141 196.05
113 246.89
142 195.33
113 247.94
142 194.28
113 248.99
143 193.55
112 249.72
144 192.82
112 250.77
144.7 192
111 251.5
145 191.05
111 252.55
145.02 190
110 253.28
146 189.27
110 254.33
147 188.54
110 255.38
148 187.81
109 256.11
148.73 187
109 257.16
149 186.04
109 258.21
150 185.31
108.2 259
151 184.58
108 259.99
151 183.53
108 261.04
152 182.81
108 262.09
152.76 182
107.57 263
153 181.03
107 263.87
154 180.3
107 264.92
155 179.57
107 265.97
156.47 179
146 189.57
145 190.08
146.92 189
145 191.31
147.24 188
144.24 192
148 187.31
143.92 193
149 186.8
143 193.57
149.6 186
142 194.08
150 185.06
142 195.31
151 184.55
141.24 196
151 183.31
140.92 197
152 182.8
140 197.57
152.6 182
140 198.81
153 181.06
139 199.32
154 180.55
138.24 200
154.95 180
137.92 201
155.27 179
137 201.57
156.97 179
137 202.81
157.3 178
136 203.32
158 177.27
136 204.55
159 176.76
135 205.06
159.65 176
134.59 206
160 175.02
134 206.81
161 174.51
133.94 208
162 174
133 208.55
163 173.49
132 209.06
164 172.98
132 210.3
164.35 172
131.26 211
166 171.96
131 212.04
166.38 171
130.61 213
167 170.22
130 213.79
168.4 170
129.96 215
169 169.2
129 215.54
170.43 169
128 216.04
171 168.18
128 217.28
172.46 168
127.29 218
173 167.16
127 219.03
174.48 167
126.64 220
176 166.87
126 220.77
176.51 166
125.99 222
178.21 166
125 222.52
179.91 166
125 223.75
180.24 165
124 224.26
181.94 165
124 225.5
183 164.54
123 226.01
183.96 164
123 227.24
185.67 164
122.34 228
187 163.73
122 228.99
187.69 163
121.69 230
189 162.71
121 230.74
189.72 162
121 231.97
191.42 162
173.75 167
173 167.67
174.98 167
172 168
176 166.7
171 168.32
176.73 166
170.26 169
177.97 166
169.02 169
179.2 166
168.51 170
180 165.4
167.28 170
180.95 165
166.77 171
182.18 165
166 171.65
183 164.42
165.02 172
183.93 164
164 172.3
185.17 164
163.27 173
186.4 164
162.76 174
187 163.12
161.53 174
188.15 163
161 174.97
189 162.47
160 175.3
189.89 162
159.27 176
191.13 162
158.76 177
192 161.5
158 177.65
192.87 161
157.02 178
194 160.85
156.51 179
194.62 160
155.27 179
195.86 160
154.76 180
196.37 159
154 180.65
197.6 159
153.02 181
198.11 158
152.51 182
199 157.52
152 183
199.86 157
151 183.33
201 156.87
150.98 185
201.6 156
150 185.35
202.84 156
149.23 186
203.35 155
148.72 187
204 154.2
148 187.7
205.09 154
147 188.03
206 153.55
146.47 189
206.84 153
145.96 190
207.35 152
145 190.38
208 151.2
144.94 192
209.09 151
144 192.41
210 150.55
143.2 193
210.84 150
142.69 194
211.35 149
142 194.76
212 148.19
141.67 196
213 147.87
141 196.78
213.6 147
140 197.11
214.11 146
140 198.81
215 145.52
139 199.13
215.86 145
138.39 200
216.37 144
137.88 201
217 143.17
205.87 154
204.82 154
206.6 153
204 154.71
207.32 152
203.04 155
208.05 151
202.31 156
209.1 151
201.26 156
210 150.53
200.54 157
210.88 150
199.49 157
211.61 149
198.76 158
212.33 148
198 158.9
213.06 147
196.98 159
214 146.66
196 159.22
214.84 146
195.2 160
215.56 145
194.15 160
216.29 144
193.42 161
217.02 143
192.37 161
218 142.79
191.65 162
218.8 142
190.6 162
219.52 141
189.54 162
220.25 140
188.82 163
221 139.08
187.77 163
222 138.92
187 163.88
222.75 138
185.99 164
223.48 137
184.94 164
224.21 136
183.88 164
225 135.21
183 164.51
225.66 134
182.11 165
226.39 133
181.06 165
227.11 132
180 165
228 131.5
179.28 166
228.57 130
178.23 166
229.29 129
177.17 166
230 127.94
176.12 166
230.74 127
175.4 167
231.47 126
174.35 167
232 124.39
173.29 167
232.92 124
172.57 168
233.65 123
171.52 168
234.05 121
170.79 169
235 120.68
169.74 169
234 114.37
169 169.97
234 111.13
167.96 170
234 107.89
167 170.28
234.44 106
166.18 171
235 104.5
165.46 172
235 101.26
164.4 172
235.32 99
163.68 173
236 97.869
162.95 174
236 94.633
161.9 174
236.85 94
161 174.47
237 91.238
239.5 84
238.5 87
240.5 82
237.5 91
241.5 79
236.5 94
242.5 77
235.5 99
243.5 75
234.5 106
244.5 73
233.5 123
245.5 71
232.5 124
246.5 70
231.5 126
247.5 68
230.5 127
248.5 66
229.5 129
249.5 65
228.5 130
250.5 64
227.5 132
251.5 62
226.5 133
252.5 61
225.5 134
253.5 60
224.5 136
254.5 59
223.5 137
255.5 58
222.5 138
256.5 57
221.5 139
257.5 56
220.5 140
258.5 55
219.5 141
259.5 54
218.5 142
260.5 53
217.5 143
261.5 53
216.5 144
262.5 52
215.5 145
263.5 52
214.5 146
264.5 51
213.5 147
265.5 50
212.5 148
266.5 50
211.5 149
267.5 49
210.5 150
268.5 49
209.5 151
269.5 48
208.5 151
270.5 48
207.5 152
271.5 47
206.5 153
272.5 47
205.5 154
273.5 46
204.5 154
274.5 45
203.5 155
275.5 45
202.5 156
276.5 44
201.5 156
277.5 43
200.5 157
278.5 42
199.5 157
279.5 40
198.5 158
280.5 38
197.5 159
281.5 36
196.5 159
282.5 34
195.5 160
283.5 31
194.5 160
284.5 29
193.5 161
285.5 27
192.5 161
286.5 25
191.5 162
287.5 23
190.5 162
288.5 22
313 31.29
312.37 30
313 34.526
312 27.896
313 37.762
312 24.66
313 40.998
312 21.424
313 44.235
312 18.188
313 47.471
311.01 18
313.23 50
311 14.793
314 50.865
310.53 13
315.01 51
310 11.399
316 51.182
309.4 10
316.79 52
309 8.0042
317.84 52
308 7.8459
318.89 52
307.22 7
319.62 53
306.5 6
320.67 53
305.45 6
321.72 53
304.39 6
322.77 53
303.34 6
323.5 54
302.29 6
324.55 54
300.91 7
325.6 54
299.54 8
326.33 55
298.16 9
327.38 55
296.46 11
328.43 55
295.08 12
329.15 56
293.38 14
330.21 56
291.36 17
331.26 56
289.33 20
332 56.952
287.3 23
333.04 57
284.3 29
334 57.269
280.33 38
334.81 58
277.65 43
335.87 58
276.28 44
336.59 59
274.9 45
337.32 60
273.52 46
338.04 61
272.15 47
339 61.297
271.09 47
339.82 62
269.72 48
340.55 63
268.34 49
341.28 64
267.29 49
342 65.008
265.91 50
342.73 66
264.54 51
343.13 68
263.16 52
344 68.561
262.11 52
344.91 69
260.73 53
345.64 70
259.36 54
346.04 72
257.66 56
347 72.272
256.28 57
347.81 73
254.58 59
348.54 74
253.2 60
349.27 75
251.5 62
350 75.983
365 84.764
365 83.063
366 85.089
364 82.738
366 86.79
363.3 82
366 88.492
362.06 82
366 90.193
361.55 81
366 91.894
360.32 81
366 93.595
359.81 80
366 95.297
358.57 80
365 98.374
357.34 80
364 101.45
356.83 79
362 105.91
355.59 79
334 146.15
355 78.112
334 147.85
353.85 78
335 148.17
353 77.462
335 149.87
352.1 77
335 151.58
351 76.813
335 153.28
350.35 76
335.71 154
349.84 75
336 155.3
349 74.461
336 157
348.1 74
336 158.71
347.59 73
336 160.41
347 72.11
336.8 161
346 71.785
337 162.43
346 70.084
337 164.13
345 69.759
337 165.84
344.32 69
337 167.54
343.81 68
337 169.24
343 67.408
337.68 170
342.79 66
338 171.26
342 65.382
338 172.97
341.77 64
338 174.67
341 63.356
338 176.37
340.02 63
338 178.07
339.51 62
338 179.77
339 61.004
338.34 181
338 60.68
339 181.8
337.26 60
339 183.5
336.75 59
339 185.2
336 58.328
339 186.9
335 58
339 188.6
334 57.679
339 190.3
333.26 57
339 192
332.02 57
339 193.71
331.51 56
339 195.41
330.28 56
339 197.11
329.04 56
339 198.81
328.53 55
339 200.51
327.29 55
339 202.21
326.06 55
338 205.29
339 185.21
339 183.97
339 186.45
339 182.74
339 187.68
339 181.5
339 188.92
338 180.99
339 190.15
338 179.76
339 191.39
338 178.52
339 192.63
338 177.28
339 193.86
338 176.05
339 195.1
338 174.81
339 196.33
338 173.57
339 197.57
338 172.34
339 198.81
338 171.1
339 200.04
337.82 170
339 201.28
337 169.36
339 202.51
337 168.12
338 204.48
337 166.89
338 205.71
337 165.65
338 206.95
337 164.41
338 208.18
337 163.18
338 209.42
337 161.94
338 210.66
336.59 161
338 211.89
336 160.2
337 213.86
336 158.96
337 215.09
336 157.72
337 216.33
336 156.49
336 218.29
336 155.25
336 219.53
336 154.01
336 220.76
335 153.51
335 222.73
335 152.27
335 223.96
335 151.03
334 225.92
335 149.8
333 227.89
335 148.56
333 229.12
334.07 148
332 231.09
334 146.82
331 233.05
334 145.58
330 235.01
334 144.34
329 236.97
334 143.11
328 238.94
334 141.87
327 240.9
333.5 141
324 244.31
333 140.13
321 247.73
333 138.89
321 248.97
333 137.65
319 251.65
333 136.42
317 254.34
333 135.18
316 256.31
333 133.95
314 259
334 131.98
313 260.96
334 130.75
312 262.92
357 112.8
311 264.88
358 110.84
310 266.85
334 226.8
334 225.74
333 228.17
335 224.37
333 229.22
335 223.32
332 230.6
335 222.26
332 231.65
336 220.89
331 233.03
336 219.84
330 234.4
336 218.79
330 235.46
336 217.73
329 236.83
337 216.36
329 237.88
337 215.31
327 239.58
337 214.25
327 240.64
337 213.2
325 242.34
338 211.83
324 243.71
338 210.77
324 244.76
338 209.72
322 246.47
338 208.67
321 247.84
338 207.62
321 248.89
338 206.57
319 250.6
338 205.52
319 251.65
338 204.47
317 253.35
338 203.41
317 254.4
339 202.04
316 255.78
339 200.99
316 256.83
339 199.94
314 258.53
339 198.88
314 259.58
339 197.83
313 260.96
339 196.78
312 262.33
339 195.73
312 263.38
339 194.68
311 264.76
339 193.63
311 265.81
339 192.58
310 267.19
339 191.52
309 268.56
339 190.47
309 269.62
339 189.42
309 270.67
339 188.37
308 272.04
339 187.32
307 273.42
339 186.27
307 274.47
339 185.21
307 275.52
339 184.16
306 276.9
339 183.11
306 277.95
339 182.06
306 279
339 181.01
305 280.38
338 180.28
305 281.43
338 179.23
305 282.48
338 178.18
305 283.53
338 177.13
304 284.91
338 176.08
304 285.96
338 175.03
304 287.01
338 173.97
304 288.06
315 257.5
316 256.5
314 258.5
316 255.5
314 259.5
317 254.5
313 260.5
317 253.5
313 261.5
318 252.5
312 262.5
319 251.5
312 263.5
319 250.5
311 264.5
320 249.5
311 265.5
321 248.5
310 266.5
321 247.5
310 267.5
322 246.5
309 268.5
323 245.5
309 269.5
324 244.5
309 270.5
324 243.5
308 271.5
325 242.5
308 272.5
326 241.5
307 273.5
327 240.5
307 274.5
327 239.5
307 275.5
328 238.5
306 276.5
329 237.5
306 277.5
329 236.5
306 278.5
330 235.5
306 279.5
330 234.5
305 280.5
331 233.5
305 281.5
331 232.5
305 282.5
332 231.5
305 283.5
332 230.5
304 284.5
333 229.5
304 285.5
333 228.5
304 286.5
333 227.5
304 287.5
334 226.5
304 288.5
334 225.5
304 289.5
335 224.5
304 290.5
335 223.5
303 291.5
335 222.5
303 292.5
335 221.5
303 293.5
336 220.5
303 294.5
336 219.5
303 295.5
336 218.5
303 296.5
336 217.5
303 297.5
337 216.5
303 298.5
337 215.5
303 299.5
337 214.5
303 300.5
337 213.5
303 301.5
337 212.5
303 302.5
338 211.5
303 303.5
338 210.5
303 304.5
338 209.5
303 305.5
338 208.5
303 306.5
