850 486.08
851 485.35
850 487.13
852 484.63
849.43 488
852 483.58
849 488.91
853 482.85
849 489.96
853 481.8
848 490.69
853.78 481
847 491.42
854 480.02
847 492.47
854.09 479
846 493.19
855 478.24
845.25 494
855 477.19
845 494.97
856 476.46
844.93 496
856 475.41
844 496.75
857 474.69
843 497.48
857 473.64
843 498.53
857 472.58
842 499.25
858 471.86
841.06 500
858 470.81
840.9 501
858.76 470
840 501.76
859 469.03
840 502.81
859 467.98
839 503.54
859.23 467
838 504.26
860 466.2
837.03 505
860 465.15
836.87 506
860 464.1
836 506.77
861 463.37
836 507.82
861 462.32
835 508.55
862 461.59
834 509.27
862 460.54
833 510
862 459.49
832.85 511
862 458.44
832 511.78
863 457.71
831 512.5
863 456.66
830 513.23
863 455.61
829.13 514
864 454.88
828.98 515
864 453.83
828 515.73
864 452.78
827 516.46
864 451.73
826 517.19
865 451
825.26 518
865 449.95
825 518.97
865 448.9
824 519.69
865 447.85
823 520.42
865 446.79
822 521.15
865.79 446
821.39 522
866 445.02
821 522.92
866 443.96
820 523.65
866 442.91
819 524.38
866 441.86
818 525.1
866 440.81
817.53 526
866.74 440
816 526.56
867 439.03
815 527.28
867 437.98
814 528.01
867 436.93
814 529.06
867 435.88
815 530.44
867 434.83
815 531.49
867 433.77
815 532.54
867.85 433
815 533.59
868 432
815 534.64
868 430.95
816 536.02
868 429.89
816 537.07
868 428.84
816 538.12
868 427.79
816 539.17
868 426.74
816 540.22
868 425.69
817 541.6
868 424.64
817 542.65
868 423.58
817 543.7
868 422.53
817 544.76
868 421.48
818 546.13
868 420.43
818 547.18
868 419.38
818 548.23
868 418.33
818 549.29
868 417.28
818 550.34
868 416.22
819 551.71
868 415.17
819 552.77
868 414.12
819 553.82
913 427.69
819 554.87
913 426.64
820 556.25
914 425.91
820 557.3
914 424.86
820 558.35
914 423.81
820 559.4
927 426.98
820 560.45
927 425.93
821 561.83
927 424.88
821 562.88
927 423.83
821 563.93
927 422.78
821 564.98
927 421.73
822 566.36
927 420.67
822 567.41
927 419.62
822 568.46
927 418.57
822 569.51
927 417.52
823 570.89
927 416.47
823 571.94
927 415.42
823 572.99
927 414.37
823 574.04
927 413.31
824 575.42
927 412.26
824 576.47
927 411.21
824 577.52
927 410.16
824 578.57
927 409.11
825 579.95
927 408.06
825 581
927 407.01
825 582.05
837 631.86
837 630.63
838 633.83
837 629.39
838 635.06
836 627.43
839 637.02
836 626.19
839 638.26
835 624.23
839 639.5
835 622.99
840 641.46
834 621.03
840 642.7
834 619.8
840 643.93
834 618.56
841 645.89
833 616.6
841 647.13
833 615.36
842 649.09
833 614.12
842 650.33
832 612.16
843 652.29
832 610.93
843 653.53
831 608.96
844 655.49
831 607.73
844 656.73
831 606.49
844 657.96
830 604.53
845 659.93
830 603.29
845 661.16
830 602.06
846 663.12
829 600.09
846 664.36
829 598.86
846 665.6
829 597.62
847 667.56
828 595.66
847 668.79
828 594.42
847 670.03
828 593.19
847 671.27
827 591.22
847 672.5
827 589.99
847 673.74
827 588.75
847 674.98
826 586.79
847 676.21
826 585.55
846.38 677
826 584.32
846 677.96
825 582.35
846 679.19
825 581.12
846 680.43
825 579.88
846 681.66
824 577.92
845 682.17
824 576.68
845 683.41
824 575.45
845 684.65
823 573.49
845 685.88
823 572.25
844 686.39
823 571.01
844 687.63
822 569.05
843 688.14
822 567.81
843 689.37
822 566.58
842.16 690
821 564.62
842 691.12
821 563.38
841.51 692
821 562.14
841 692.86
820 560.18
840.86 694
820 558.95
840 694.61
820 557.71
839 695.12
820 556.47
839 696.36
819 554.51
838.18 697
819 553.27
837.86 698
819 552.04
837 698.61
818 550.08
836 699.12
818 548.84
835.51 700
818 547.6
835 700.87
818 546.37
834 701.38
817 544.4
833.16 702
817 543.17
832.83 703
817 541.93
832 703.63
816 539.97
831 704.14
816 538.73
830.48 705
816 537.5
829 705.16
816 536.26
828.46 706
815 534.3
828 706.91
815 533.06
826.43 707
815 531.83
826 707.92
815 530.59
824.4 708
814 528.63
824 708.94
814.84 528
822.38 709
815.16 527
822 709.96
816 526.37
820.35 710
817.19 526
819 710.25
818 525.35
818.32 711
819 524.84
816.62 711
819.54 524
816 711.78
820 523.1
814.6 712
821 522.59
812.9 712
821.89 522
811.19 712
822.21 521
810.87 713
823 520.33
809.17 713
824 519.82
807.47 713
824.57 519
806 713.17
825 518.08
805.44 714
826 517.57
803.74 714
826.92 517
802.04 714
827.24 516
801 714.48
828 515.31
800.01 715
829 514.81
798.31 715
829.59 514
796.61 715
830 513.06
794.91 715
831 512.55
793.21 715
831.94 512
791.51 715
832.27 511
789.8 715
833 510.29
788.1 715
834 509.79
786.4 715
834.62 509
783.32 714
835 508.04
780.25 713
708.71 698
709.22 697
708 698.73
710 696.38
707 699.05
710.24 695
706.45 700
711 694.35
705.94 701
711.98 694
705 701.4
712 692.32
704.2 702
713 692
703.69 703
713 690.3
703 703.75
714 689.97
702 704.08
714 688.27
701.43 705
714.31 687
700.92 706
715 686.24
699.69 706
715 684.54
699 706.75
715.84 684
698 707.08
716 682.52
697.43 708
716 680.82
696.2 708
716 679.11
695.69 709
716 677.41
694.45 709
716.21 676
693.94 710
717 675.39
692.71 710
717 673.69
691.47 710
717 671.98
690.96 711
717 670.28
689.72 711
717 668.58
688.49 711
717 666.88
687.98 712
717 665.18
686.74 712
717 663.48
685.51 712
717 661.78
684.27 712
717.67 661
683.03 712
718 659.75
681.8 712
718 658.05
680.56 712
718 656.35
679.33 712
718 654.65
678.09 712
718 652.94
676.85 712
718 651.24
675.62 712
718 649.54
674.38 712
718 647.84
673.15 712
718.63 647
671.91 712
719 645.81
670.67 712
719 644.11
669.44 712
719 642.41
667.47 711
764.26 703
666.24 711
768.4 707
665 711
771.09 709
663.77 711
773.05 710
662.53 711
775.01 711
660.57 710
776.25 711
659.33 710
778.21 712
658.1 710
780.17 713
656.13 709
782.14 714
654.9 709
783.37 714
652.93 708
784.61 714
651.7 708
786.57 715
649.74 707
787.81 715
647.77 706
789.04 715
645.08 704
790.28 715
643.12 703
791.52 715
638.25 698
792.75 715
562.91 596
793.99 715
561.67 596
795.22 715
560.44 596
796.46 715
559.2 596
797.7 715
557.96 596
798.93 715
556.73 596
800.17 715
555.49 596
801 714.44
554.26 596
801.91 714
553.02 596
803.15 714
551.78 596
804.39 714
550.55 596
805.62 714
549.31 596
806.13 713
548.08 596
807.37 713
546.84 596
808.6 713
545.6 596
809.84 713
544.37 596
811 712.9
543.13 596
811.58 712
541.9 596
812.82 712
540.66 596
814.06 712
540 596.79
815.29 712
538.91 597
816 711.27
537.68 597
817.04 711
536.44 597
818.27 711
535.21 597
819 710.3
533.97 597
820.02 710
532.73 597
821.26 710
531.5 597
822 709.32
530.26 597
823 709
529.03 597
824 708.67
527.79 597
824.75 708
526.55 597
825.98 708
525.32 597
826.49 707
524.08 597
827.73 707
522.85 597
828.24 706
521.61 597
829 705.35
520.37 597
829.98 705
519.14 597
831 704.7
517.9 597
831.73 704
516.66 597
832.24 703
515.43 597
833 702.35
514.19 597
833.99 702
512.96 597
540.02 596
541.07 596
539.29 597
542.12 596
538.24 597
543.17 596
537.19 597
544.22 596
536.14 597
545.28 596
535.09 597
546.33 596
534.03 597
547.38 596
532.98 597
548.43 596
531.93 597
549.48 596
530.88 597
550.53 596
529.83 597
551.58 596
528.78 597
552.64 596
527.73 597
553.69 596
526.67 597
554.74 596
525.62 597
555.79 596
524.57 597
556.84 596
523.52 597
557.89 596
522.47 597
558.94 596
521.42 597
560 596
520.37 597
561.05 596
519.31 597
562.1 596
518.26 597
563.15 596
517.21 597
564.2 596
516.16 597
565.25 596
515.11 597
566.31 596
514.06 597
567.36 596
513.01 597
568.41 596
511.95 597
569.46 596
510.9 597
570.51 596
509.85 597
571.24 595
508.8 597
572.29 595
507.75 597
573.34 595
506.7 597
574.39 595
505.65 597
575.44 595
504.59 597
576.49 595
503.54 597
577.55 595
502.49 597
578.6 595
501.44 597
579.65 595
500.39 597
580.7 595
499.34 597
581.75 595
498.29 597
582.8 595
496.91 596
583.86 595
495.86 596
584.91 595
494.81 596
585.96 595
493.75 596
587.01 595
492.7 596
588 594.81
491.65 596
588.79 594
490.6 596
589.84 594
489.55 596
590.89 594
488.5 596
591.94 594
487.45 596
592.99 594
486.39 596
594.04 594
485.34 596
595.1 594
484.29 596
596.15 594
483.24 596
597.2 594
482.19 596
598.25 594
481.14 596
599.3 594
480.09 596
600.35 594
479.03 596
633.25 692
477.98 596
635.27 695
476.93 596
636.65 696
475.88 596
638.35 698
474.83 596
640.05 700
473.78 596
641.43 701
472.73 596
643.13 703
471.67 596
644.51 704
470.62 596
645.56 704
469.25 595
647.26 706
468.19 595
648.31 706
467.14 595
649.69 707
466.09 595
651.06 708
465.04 595
652.11 708
463.99 595
653.17 708
462.94 595
654.54 709
461.89 595
655.59 709
460.83 595
656.65 709
459.78 595
658.02 710
458.73 595
659.07 710
457.68 595
660.12 710
456.63 595
661.18 710
455.58 595
662.55 711
454.53 595
663.6 711
453.47 595
664.66 711
452.1 594
665.71 711
451.05 594
666.76 711
449.99 594
667.81 711
448.94 594
669.19 712
447.89 594
670.24 712
446.84 594
671.29 712
445.79 594
672.34 712
444.74 594
673.39 712
443.69 594
674.44 712
442.63 594
675.5 712
441.58 594
676.55 712
440.21 593
677.6 712
439.15 593
678.65 712
438.1 593
679.7 712
437.05 593
680.75 712
436 593
681.8 712
434.95 593
463.5 595
464.5 595
462.5 595
465.5 595
461.5 595
466.5 595
460.5 595
467.5 595
459.5 595
468.5 595
458.5 595
469.5 595
457.5 595
470.5 596
456.5 595
471.5 596
455.5 595
472.5 596
454.5 595
473.5 596
453.5 595
474.5 596
452.5 594
475.5 596
451.5 594
476.5 596
450.5 594
477.5 596
449.5 594
478.5 596
448.5 594
479.5 596
447.5 594
480.5 596
446.5 594
481.5 596
445.5 594
482.5 596
444.5 594
483.5 596
443.5 594
484.5 596
442.5 594
485.5 596
441.5 594
486.5 596
440.5 593
487.5 596
439.5 593
488.5 596
438.5 593
489.5 596
437.5 593
490.5 596
436.5 593
491.5 596
435.5 593
492.5 596
434.5 593
493.5 596
433.5 593
494.5 596
432.5 593
495.5 596
431.5 593
496.5 596
430.5 592
497.5 596
429.5 592
498.5 597
428.5 592
499.5 597
427.5 592
500.5 597
426.5 592
501.5 597
425.5 592
502.5 597
424.5 592
503.5 597
423.5 592
504.5 597
422.5 592
505.5 597
421.5 591
506.5 597
420.5 591
507.5 597
419.5 591
508.5 597
418.5 591
509.5 597
417.5 591
510.5 597
416.5 591
511.5 597
415.5 591
512.5 597
414.5 689
513.5 597
413.5 693
514.5 597
412.5 696
515.5 597
411.5 698
516.5 597
410.5 700
517.5 597
409.5 702
518.5 597
408.5 703
519.5 597
407.5 704
520.5 597
406.5 706
521.5 597
405.5 707
522.5 597
404.5 708
523.5 597
403.5 709
524.5 597
402.5 710
525.5 597
401.5 711
526.5 597
400.5 712
527.5 597
399.5 713
528.5 597
398.5 713
529.5 597
397.5 714
530.5 597
396.5 715
531.5 597
395.5 715
532.5 597
394.5 716
533.5 597
393.5 716
534.5 597
392.5 717
535.5 597
391.5 718
536.5 597
390.5 718
537.5 597
389.5 718
538.5 597
388.5 719
539.5 597
387.5 719
540.5 596
386.5 719
541.5 596
385.5 720
542.5 596
384.5 720
543.5 596
383.5 720
544.5 596
382.5 720
545.5 596
381.5 720
546.5 596
380.5 720
547.5 596
379.5 720
548.5 596
378.5 720
549.5 596
377.5 720
550.5 596
376.5 720
551.5 596
375.5 720
552.5 596
374.5 720
553.5 596
373.5 720
554.5 596
372.5 720
555.5 596
371.5 720
556.5 596
370.5 720
557.5 596
369.5 720
558.5 596
368.5 720
559.5 596
367.5 720
560.5 596
366.5 720
561.5 596
365.5 720
562.5 596
364.5 720
347.02 719
348.07 719
346.29 718
349.12 719
345.24 718
350 719.53
344.51 717
350.9 720
343.46 717
351.95 720
342.73 716
353 720
341.68 716
354.05 720
340.96 715
355.1 720
339.9 715
356.15 720
339 714.55
357.21 720
338.13 714
358.26 720
337.4 713
359.31 720
336.67 712
360.36 720
335.95 711
361.41 720
334.9 711
362.46 720
334 710.52
363.51 720
333.12 710
364.57 720
332.39 709
365.62 720
331.99 707
366.67 720
331 706.81
367.72 720
330.21 706
368.77 720
329.48 705
369.82 720
329 703.25
370.88 720
328.03 703
371.93 720
327.3 702
372.98 720
326.9 700
374.03 720
326 699.54
375.08 720
325.45 698
376.13 720
325 696.15
377.18 720
324 695.99
378.24 720
324 692.75
379.29 720
323.19 692
380.34 720
323 689.36
381.39 720
322.39 688
382.44 720
322 685.97
383.49 720
322 682.73
384.54 720
322 679.49
385.6 720
322 676.26
386.97 719
322 673.02
388.02 719
322 669.79
389.4 718
321.53 668
390.45 718
321 666.39
391.5 718
321 663.16
392.88 717
321 659.92
394.26 716
321 656.68
395.63 715
321 653.45
396.68 715
321 650.21
398.38 713
321 646.97
399.44 713
321 643.74
400.81 712
321 640.5
402.51 710
321 637.27
403.89 709
321 634.03
405.59 707
321 630.79
406.97 706
320.21 630
408.99 703
320 627.4
411.67 698
320 624.16
446.51 594
320 620.93
447.56 594
320 617.69
448.62 594
320 614.46
449.67 594
320 611.22
450.72 594
320 607.98
451.77 594
320 604.75
452.82 594
320 601.51
453.55 595
320 598.28
454.6 595
320 595.04
455.65 595
320 591.8
456.7 595
320 588.57
457.75 595
320 585.33
458.81 595
319.71 583
459.86 595
319 581.94
460.91 595
319 578.7
461.96 595
319 575.46
463.01 595
319 572.23
464.06 595
319 568.99
465.11 595
318.92 566
466.17 595
317.87 566
467.22 595
284.98 664
468.27 595
281.97 670
469.32 595
279.95 673
470.05 596
278.57 674
471.1 596
276.87 676
472.15 596
275.49 677
473.2 596
273.79 679
474.25 596
272.42 680
475.3 596
271.04 681
476.36 596
269.66 682
477.41 596
268.61 682
478.46 596
266.91 684
479.51 596
265.86 684
480.56 596
264.81 684
481.61 596
263.43 685
482.66 596
262.38 685
483.72 596
261 686
484.77 596
259.95 686
485.82 596
258.9 686
486.87 596
257.52 687
487.92 596
256.47 687
488.97 596
255.42 687
490.02 596
254.37 687
491.08 596
253.32 687
229.19 683
230 683.59
227.95 683
230.94 684
227 682.61
232.17 684
226.21 682
233.41 684
224.97 682
234.64 684
224 681.64
235.15 685
223.23 681
236.39 685
222 680.99
237.63 685
221.48 680
238.86 685
220.25 680
239.37 686
219.74 679
240.61 686
219 678.31
241.84 686
217.99 678
243 686.11
217 677.66
243.59 687
216.24 677
244.82 687
215.73 676
246.06 687
215 675.31
247.3 687
213.99 675
248.53 687
213 674.66
249.77 687
212.24 674
251.01 687
211.73 673
252.24 687
211 672.31
253.48 687
210.72 671
254.71 687
210 670.28
255.95 687
209 669.96
257.19 687
208.46 669
259.15 686
208 667.93
260.38 686
207.44 667
261.62 686
206.93 666
263.58 685
206 665.58
265.55 684
205.91 664
266.78 684
205 663.55
269.47 682
204.89 662
271.43 681
204 661.53
274.85 678
204 659.83
278.99 674
203.36 659
320 619.26
203 657.8
320 620.96
203 656.1
320 622.66
202.56 655
320 624.36
202 654.07
320 626.06
202 652.37
320 627.76
202 650.67
320 629.47
202 648.97
320.85 630
202 647.27
321 631.49
202 645.57
321 633.19
202 643.87
321 634.89
202 642.16
321 636.6
202 640.46
321 638.3
203 637.39
321 640
205 632.93
321 641.7
207 628.48
321 643.4
208 625.4
321 645.1
209 622.32
321 646.8
210 619.24
321 648.5
212 614.79
321 650.21
213 611.71
321 651.91
215 607.26
321 653.61
216 604.18
321 655.31
217 601.1
321 657.01
218 598.02
321 658.71
220 593.57
321 660.41
221 590.49
321 662.12
222 587.42
321 663.82
223 584.34
321 665.52
225 579.88
321 667.22
226 576.81
321.67 668
227 573.73
322 669.25
228 570.65
322 670.95
230 566.2
322 672.65
231 563.12
322 674.35
232 560.04
322 676.05
233 556.96
322 677.75
234 553.89
322 679.45
236 549.43
322 681.15
237 546.35
322 682.86
237 544.65
322 684.56
238 541.58
322 686.26
239 538.5
322 687.96
240 535.42
323 688.28
241 532.34
323 689.99
242 529.26
323 691.69
243 526.19
324 692.01
244 523.11
324 693.71
245 520.03
324 695.41
246 516.95
324.81 696
245.46 516
325 697.44
244.95 515
325.83 698
244 514.6
326 699.47
243.2 514
326.85 700
243 512.58
327 701.49
242.18 512
327.87 702
241.67 511
328.38 703
241 510.23
329 703.84
240 509.9
329.4 705
240 508.2
330 705.87
239 507.87
331 706.2
238.4 507
331.65 707
238 505.85
332 708.22
237.38 505
332.67 709
236.87 504
246 518.52
245 520.49
246 517.29
245 521.72
246 516.05
244 523.68
245 515.54
244 524.92
244.04 515
243 526.88
243.72 514
243 528.12
243 513.29
242 530.08
243 512.05
241 532.04
242 511.54
241 533.28
241.04 511
240 535.24
240.72 510
240 536.48
240 509.29
239 538.44
240 508.05
239 539.68
239 507.54
238 541.64
238.04 507
238 542.88
238 505.79
237 544.84
237.39 505
237 546.08
237 504.05
236 548.04
236 503.54
236 549.27
236 502.3
235 551.24
235 501.79
234 553.2
234.39 501
234 554.44
234 500.05
233 556.4
233.74 499
233 557.63
233 498.3
232 559.6
233 497.07
232 560.83
232 496.56
231 562.79
231.07 496
231 564.03
231 494.81
230 565.99
230.42 494
230 567.23
230 493.07
229 569.19
229.77 492
228 571.15
229 491.32
227 573.12
229 490.08
227 574.35
228 489.57
226 576.32
228 488.34
226 577.55
227 487.83
225 579.51
227 486.59
225 580.75
226.11 486
224 582.71
226 484.85
223 584.68
226 483.61
223 585.91
225.14 483
222 587.87
225 481.87
222 589.11
224.49 481
221 591.07
224 480.12
220 593.04
223.84 479
220 594.27
223 478.37
219 596.23
223 477.14
218 598.2
222.87 476
218 599.43
222 475.39
217 601.4
222 474.16
216 603.36
221.89 473
216 604.59
221 472.41
215 606.56
221 471.17
215 607.79
220.92 470
214 609.76
220 469.43
213 611.72
220 468.19
213 612.95
219.94 467
212 614.92
219 466.45
212 616.15
219 465.21
211 618.12
219 463.98
210 620.08
218.64 463
209 622.04
218 462.23
209 623.28
218 460.99
208 625.24
217.67 460
207 627.2
217 459.25
207 628.44
217 458.01
206 630.4
217 456.78
205 632.36
217 455.54
205 633.6
216.04 455
204 635.56
216 453.79
203 637.53
215.39 453
203 638.76
212.31 454
202 640.72
210.61 454
202 641.96
208.91 454
202 643.2
207.21 454
202 644.43
205.51 454
202 645.67
203.81 454
202 646.9
202.11 454
202 648.14
200.41 454
202 649.38
198.7 454
202 650.61
197 454
202 651.85
195.3 454
202 653.08
193.6 454
202 654.32
191.9 454
202.77 655
190.2 454
203 656.07
188.5 454
203 657.3
186.8 454
203 658.54
185.09 454
204 659.05
184.77 453
204 660.28
183.07 453
204 661.52
181.37 453
205 662.03
179.66 453
205 663.27
178 452.97
205.69 664
177.64 452
206 665.01
175.94 452
206.34 666
174.24 452
207 666.76
173 451.66
208 667.27
172.21 451
208 668.5
170.51 451
178.81 453
182.05 453
178 452.21
185 453.09
175.42 452
185.44 454
173 451.73
188.68 454
172.03 451
191.92 454
169 450.93
195.15 454
168.63 450
198.39 454
165.39 450
201.63 454
165 449.08
204.86 454
162 449
208.1 454
161.84 448
211.33 454
159 447.87
216 453.54
158.45 447
216 454.59
156 446.74
217 455.31
155.05 446
217 456.36
153 445.62
217 457.42
151.66 445
217 458.47
151 444.16
217 459.52
149 443.76
218 460.25
148.11 443
218 461.3
146 442.63
218 462.35
144.71 442
219 463.08
144 441.18
219 464.13
142 440.78
219 465.18
141.16 440
219 466.23
140 439.32
219.86 467
138 438.92
220 468.01
137.61 438
220 469.06
137 437.15
220.34 470
135 436.74
221 470.84
134.05 436
221 471.89
133 435.29
221 472.94
132 434.56
222 473.67
130.5 434
222 474.72
130 433.11
222 475.77
129 432.38
223 476.5
127 431.98
223 477.55
126.79 431
223 478.6
126 430.2
224 479.33
124 429.8
224 480.38
123.24 429
225 481.1
123 428.03
225 482.15
122 427.3
225.63 483
120 426.9
226 483.93
119.52 426
226 484.98
119 425.12
226.11 486
118 424.39
227 486.76
116 423.99
227 487.81
115.81 423
228 488.54
115 422.21
228 489.59
114 421.49
229 490.32
113 420.76
229 491.37
112.1 420
230 492.1
111.94 419
230 493.15
111 418.26
230.61 494
110 417.53
231 494.93
109 416.8
231 495.98
108.23 416
232 496.7
107 415.35
233 497.43
106 414.62
233 498.48
105 413.9
234 499.21
104.52 413
234 500.26
104 412.12
234.96 501
103 411.39
235.12 502
102 410.66
236 502.76
101 409.94
236 503.82
101 408.89
237 504.54
100.49 408
238 505.27
100 407.11
238 506.32
99 406.38
239 507.05
98 405.66
239.3 508
97 404.93
240 508.82
96.624 404
240 509.88
96 403.15
241 510.6
95 402.42
242 511.33
94 401.7
243 512.06
94 400.65
243 513.11
93 399.92
243.49 514
92.596 399
244 514.89
92 398.14
245 515.61
91 397.42
246 516.34
90 396.69
246 517.39
90 395.64
246 518.44
89 394.91
246 519.49
88.568 394
245 520.87
88 393.13
245 521.92
87 392.41
244 523.3
87 391.36
244 524.35
86 390.63
244 525.4
85 389.9
243 526.78
84.54 389
243 527.83
84 388.12
242 529.2
84 387.07
242 530.26
83 386.35
242 531.31
82 385.62
241 532.68
82 384.57
241 533.74
81 383.84
240 535.11
80.354 383
240 536.16
80 382.06
240 537.21
80 381.01
68 360.5
69 361.5
68 359.5
69 362.5
67 358.5
70 363.5
67 357.5
70 364.5
66 356.5
71 365.5
66 355.5
71 366.5
66 354.5
72 367.5
65 353.5
72 368.5
65 352.5
73 369.5
64 351.5
73 370.5
64 350.5
74 371.5
63 349.5
74 372.5
63 348.5
75 373.5
63 347.5
76 374.5
62 346.5
76 375.5
62 345.5
77 376.5
61 344.5
77 377.5
61 343.5
78 378.5
61 342.5
79 379.5
60 341.5
79 380.5
60 340.5
80 381.5
60 339.5
80 382.5
59 338.5
81 383.5
59 337.5
82 384.5
59 336.5
82 385.5
58 335.5
83 386.5
58 334.5
84 387.5
58 333.5
84 388.5
57 332.5
85 389.5
57 331.5
86 390.5
57 330.5
87 391.5
56 329.5
87 392.5
56 328.5
88 393.5
56 327.5
89 394.5
56 326.5
90 395.5
55 325.5
90 396.5
55 324.5
91 397.5
55 323.5
92 398.5
55 322.5
93 399.5
54 321.5
94 400.5
54 320.5
94 401.5
54 319.5
95 402.5
54 318.5
96 403.5
53 317.5
97 404.5
53 316.5
98 405.5
53 315.5
99 406.5
53 314.5
100 407.5
52 313.5
101 408.5
52 312.5
101 409.5
52 311.5
102 410.5
52 310.5
103 411.5
52 309.5
104 412.5
51 308.5
105 413.5
51 307.5
106 414.5
51 306.5
107 415.5
51 305.5
109 416.5
51 304.5
110 417.5
51 303.5
111 418.5
50 302.5
112 419.5
50 301.5
113 420.5
50 300.5
114 421.5
50 299.5
115 422.5
50 298.5
116 423.5
50 297.5
118 424.5
49 296.5
119 425.5
49 295.5
120 426.5
49 294.5
122 427.5
49 293.5
123 428.5
49 292.5
124 429.5
49 291.5
126 430.5
49 290.5
127 431.5
49 289.5
129 432.5
48 288.5
130 433.5
48 287.5
132 434.5
48 286.5
133 435.5
48 285.5
135 436.5
48 284.5
137 437.5
48 283.5
138 438.5
48 282.5
140 439.5
48 281.5
142 440.5
48 280.5
144 441.5
48 279.5
146 442.5
48 278.5
149 443.5
48 277.5
151 444.5
48 276.5
153 445.5
48 275.5
156 446.5
48 274.5
159 447.5
48 273.5
162 448.5
47 272.5
165 449.5
47 271.5
169 450.5
47 270.5
173 451.5
47 269.5
178 452.5
47 268.5
185 453.5
47 267.5
216 454.5
47 266.5
217 455.5
47 265.5
217 456.5
47 264.5
217 457.5
47 263.5
217 458.5
47 262.5
217 459.5
47 261.5
51 226.47
51 227.52
51 225.42
51 228.57
51 224.37
50 229.3
52 223.64
50 230.35
52 222.59
50 231.4
52 221.54
50 232.45
52 220.49
50 233.51
52 219.44
50 234.56
53 218.71
49 235.28
53 217.66
49 236.34
53 216.61
49 237.39
53 215.55
49 238.44
54 214.83
49 239.49
54 213.78
49 240.54
54 212.72
49 241.59
54 211.67
49 242.64
55 210.95
48 243.37
55 209.9
48 244.42
55 208.84
48 245.47
55 207.79
48 246.53
55.797 207
48 247.58
56 206.01
48 248.63
56 204.96
48 249.68
56.272 204
48 250.73
57 203.19
48 251.78
57 202.13
48 252.83
57 201.08
48 253.89
57 200.03
48 254.94
58 199.3
48 255.99
58 198.25
48 257.04
58 197.2
48 258.09
59 196.47
47.561 259
59 195.42
47 259.87
59 194.37
47 260.92
60 193.65
47 261.97
60 192.59
47 263.02
61 191.87
47 264.08
61 190.82
47 265.13
61 189.76
47 266.18
61.884 189
47 267.23
62 187.99
47 268.28
16 171.99
47 269.33
13 169.96
47 270.38
11 168.26
47 271.44
10 166.88
47 272.49
9 165.51
48 273.86
7 163.81
48 274.91
6 162.43
48 275.97
6 161.38
48 277.02
4 159.68
48 278.07
4 158.63
48 279.12
3 157.25
48 280.17
2 155.87
48 281.22
2 154.82
48 282.27
2 153.77
48 283.33
1 152.39
48 284.38
1 151.34
48 285.43
1 150.29
48 286.48
1 149.24
48 287.53
1 148.19
48 288.58
1 147.14
49 289.96
1 146.09
49 291.01
1 145.03
49 292.06
1 143.98
49 293.11
1 142.93
49 294.17
1 141.88
49 295.22
1 140.83
49 296.27
1 139.78
50 297.65
1.8457 139
50 298.7
2 138
50 299.75
2.1625 137
50 300.8
3 136.22
50 301.85
3 135.17
50 302.9
4 134.44
51 304.28
4 133.39
51 305.33
5 132.66
51 306.38
6 131.94
51 307.43
6.3489 131
51 308.48
7 130.16
52 309.86
8 129.43
52 310.91
9 128.71
52 311.96
10 127.98
52 313.02
10.218 127
53 314.39
12 126.53
53 315.44
13.613 126
53 316.49
14 125.07
53 317.55
17 125
54 318.92
17.166 124
54 319.97
20.402 124
54 321.03
23.638 124
55 322.4
26.874 124
55 323.45
30.11 124
55 324.5
33.346 124
55 325.56
39.66 125
56 326.93
45.974 126
56 327.98
86 137.95
56 329.04
83 135.93
57 330.41
80 133.9
57 331.46
77 131.88
57 332.51
76 130.5
38.886 52
38 52.592
39 50.847
38 53.828
39 49.611
38 55.064
39 48.374
38 56.3
40 47.865
38 57.536
40 46.629
38 58.773
40 45.393
38 60.009
40 44.157
38 61.245
41 43.647
38 62.481
41 42.411
37.013 63
42 41.902
37 64.226
42 40.666
38 66.189
42 39.43
38 67.425
43 38.92
38 68.661
43 37.684
38 69.897
43.76 37
38 71.133
44 35.938
38 72.369
44.41 35
38 73.605
45 34.193
38 74.841
45.06 33
39 76.804
46 32.447
39 78.04
46 31.211
40 80.003
47 30.702
40 81.239
47 29.465
40 82.475
48 28.956
41 84.437
48 27.72
41 85.674
48.71 27
42 87.636
49.035 26
43 89.599
50 25.465
43 90.835
50 24.229
44 92.797
51 23.719
45 94.76
51.711 23
46 96.723
52.036 22
47 98.685
53 21.464
49 101.37
53 20.228
51 104.06
54 19.718
53 106.75
54.712 19
53 107.99
55.037 18
56 111.4
56 17.463
59 114.82
57 16.954
63 118.96
57.388 16
68 123.83
58 15.208
76 130.88
59 14.699
85.475 139
59.74 14
82.398 138
60.065 13
77.944 136
61 12.444
74.866 135
62 11.934
71.788 134
62.416 11
68.711 133
63 10.188
65.633 132
64.442 10
62.555 131
65 9.1694
59.478 130
66 8.6599
56.4 129
66.793 8
53.322 128
68 7.6408
51.621 128
68.819 7
48.543 127
69.144 6
45.466 126
70.845 6
43.764 126
71.17 5
40.687 125
72.872 5
38.985 125
73.197 4
35.908 124
74.898 4
34.206 124
75.223 3
32.505 124
76.924 3
30.804 124
78 2.5456
29.102 124
78.95 2
27.401 124
80.652 2
25.7 124
81 1.017
23.998 124
82.678 1
22.297 124
182.1 72
20.596 124
183.8 72
18.895 124
184.13 71
17.193 124
185.83 71
16.868 125
187.53 71
15.167 125
189.23 71
14 125.39
190.93 71
13.141 126
192.64 71
12 126.41
194.34 71
11.115 127
195 70.246
10 127.43
196.36 70
9.0884 128
198.06 70
8.7635 129
199.77 70
8 129.68
201.47 70
7 130.19
203.17 70
6.4123 131
204.87 70
6 131.94
207.95 71
5 132.45
209.65 71
4.0612 133
211.35 71
4 134.19
213.05 71
3.4113 135
216.13 72
3 135.94
217.83 72
2.7615 137
220.91 73
2 137.68
222.61 73
2 138.92
225.69 74
1 139.43
228.76 75
1 140.66
231.84 76
1 141.9
234.92 77
1 143.14
238 78
1 144.37
242.45 80
1 145.61
246.91 82
1 146.84
252.74 85
272 96.923
270.82 97
272.57 96
268.13 95
273.08 95
265.44 93
274 94.572
262.75 91
274.82 94
260.79 90
275.33 93
258.83 89
276 92.221
256.86 88
277 91.896
254.18 86
277 90.194
252.21 85
278 89.869
250.25 84
278.6 89
248.29 83
279.11 88
246.33 82
280 87.518
244.36 81
280.86 87
242.4 80
281 85.492
240.44 79
281.88 85
239.2 79
282 83.466
237.24 78
282.9 83
235.28 77
283.41 82
234.04 77
284 81.115
232.08 76
284.43 80
230.84 76
285 79.088
228.88 75
285.45 78
226.92 74
286 77.062
225.68 74
286.46 76
223.72 73
287 75.036
222.48 73
287.48 74
221.25 73
288 73.01
220.01 73
288 71.309
218.05 72
289 70.984
216.81 72
289 69.282
215.57 72
289.3 68
213.61 71
290 67.256
212.38 71
290 65.555
211.14 71
290.11 64
209.9 71
291 63.529
208.67 71
291 61.827
207.43 71
291 60.126
206.2 71
291 58.425
204.23 70
291 56.723
203 70
291.71 56
201.76 70
292 54.697
200.52 70
292 52.996
199.29 70
292 51.295
198.05 70
292 49.593
196.82 70
291 46.516
195.58 70
291 44.814
195 70.903
291 43.113
193.83 71
291 41.412
192.6 71
290 38.334
191.36 71
290 36.633
190.13 71
289 33.555
188.89 71
288 30.477
187.65 71
287 27.4
186.42 71
285 22.946
185.18 71
284 19.868
184 71.074
282 15.414
183.44 72
277 6.8306
182.2 72
277.63 6
180.96 72
279.6 7
179.73 72
280.83 7
178.49 72
282.07 7
177.26 72
283.3 7
176.75 73
284.54 7
175.51 73
285.78 7
174.27 73
287.01 7
173.04 73
288.25 7
172.53 74
289.48 7
171.29 74
291.45 8
170.06 74
292.68 8
169 74.247
293.92 8
168.31 75
295.15 8
167.08 75
297.12 9
166 75.221
298.35 9
165.33 76
299.59 9
164.09 76
301.55 10
163 76.196
302.79 10
162.35 77
304.75 11
161.11 77
305.99 11
160 77.171
307.95 12
159.37 78
309.91 13
158.13 78
311.87 14
157.62 79
313.84 15
156.38 79
315.8 16
155.88 80
317.76 17
154.64 80
319 17
153.4 80
320.96 18
152.89 81
323.65 20
151.66 81
326.34 22
151 81.796
329.76 25
149.91 82
331.72 26
149 82.446
335.86 30
148.17 83
468 210.17
147 83.096
469.11 210
146.42 84
470.35 210
145.91 85
471.58 210
83.645 1
472.82 210
82.409 1
474.05 210
81.173 1
475 209.6
80.664 2
475.8 209
388.28 129
386.9 128
389.33 129
385.85 128
390.71 130
384.8 128
391.76 130
383.75 128
393.14 131
382.7 128
394.51 132
381.65 128
395.56 132
380.6 128
396.94 133
379.22 127
397.99 133
378.17 127
399.69 135
377.12 127
401.4 137
376.07 127
402.77 138
375.01 127
404.8 141
348.94 50
430.22 216
345.94 44
431.27 216
343.59 40
432.32 216
341.89 38
433.37 216
339.86 35
434.42 216
337.84 32
435.48 216
336.46 31
436.2 215
334.76 29
437.25 215
333.38 28
438.3 215
331.68 26
439.36 215
330.63 26
440.41 215
328.93 24
441.46 215
327.55 23
442.19 214
326.18 22
443.24 214
324.8 21
444.29 214
323.42 20
445.34 214
322.37 20
446.39 214
320.67 18
447.44 214
319.62 18
448.49 214
318.24 17
449.22 213
316.87 16
450.27 213
315.82 16
451.32 213
314.44 15
452.38 213
313.39 15
453.43 213
312.01 14
454.48 213
310.63 13
455.2 212
309.58 13
456.26 212
308.21 12
457.31 212
307.16 12
458.36 212
305.78 11
459.41 212
304.73 11
460.46 212
303.68 11
461.51 212
302.3 10
462.24 211
301.25 10
463.29 211
299.87 9
464.34 211
298.82 9
465.39 211
297.77 9
466.45 211
296.72 9
467.5 211
295.34 8
468.22 210
294.29 8
469.28 210
293.24 8
470.33 210
292.19 8
471.38 210
291.14 8
472.43 210
289.76 7
473.48 210
288.71 7
474.53 210
287.66 7
475.26 209
286.6 7
476.31 209
285.55 7
477.36 209
284.5 7
478.41 209
283.45 7
479.47 209
282.4 7
480.52 209
281.35 7
481.24 208
280.3 7
482.29 208
279.24 7
483.35 208
277.87 6
484.4 208
277 6.5646
485.45 208
292 55.966
486.5 208
291 56.124
487.23 207
291 59.36
488.28 207
291 62.596
489.33 207
290.4 64
490.38 207
290 65.991
491.43 207
289.6 68
492.48 207
289 69.385
493.54 207
288.47 71
494.26 206
288 72.78
495.31 206
287.34 74
496.37 206
286.94 76
497.42 206
286 76.333
498.47 206
285.49 78
499.52 206
285 79.727
500.57 206
284.04 80
501.3 205
283.64 82
502.35 205
282.91 83
503.4 205
282 83.438
504.45 205
281.46 85
505.5 205
281 86.833
506.56 205
280 87
507.61 205
279.28 88
508.33 204
278.55 89
509.38 204
277.82 90
510.44 204
277 90.702
511.49 204
276.37 92
512.54 204
275.64 93
513.59 204
274.92 94
514.64 204
274 94.414
515.37 203
273.14 95
516.42 203
463.5 211
462.5 211
464.5 211
461.5 212
465.5 211
460.5 212
466.5 211
459.5 212
467.5 211
458.5 212
468.5 210
457.5 212
469.5 210
456.5 212
470.5 210
455.5 212
471.5 210
454.5 213
472.5 210
453.5 213
473.5 210
452.5 213
474.5 210
451.5 213
475.5 209
450.5 213
476.5 209
449.5 213
477.5 209
448.5 214
478.5 209
447.5 214
479.5 209
446.5 214
480.5 209
445.5 214
481.5 208
444.5 214
482.5 208
443.5 214
483.5 208
442.5 214
484.5 208
441.5 215
485.5 208
440.5 215
486.5 208
439.5 215
487.5 207
438.5 215
488.5 207
437.5 215
489.5 207
436.5 215
490.5 207
435.5 216
491.5 207
434.5 216
492.5 207
433.5 216
493.5 207
432.5 216
494.5 206
431.5 216
495.5 206
430.5 216
496.5 206
429.5 217
497.5 206
428.5 217
498.5 206
427.5 217
499.5 206
426.5 217
500.5 206
425.5 217
501.5 205
424.5 217
502.5 205
423.5 218
503.5 205
422.5 218
504.5 205
421.5 218
505.5 205
420.5 218
506.5 205
419.5 218
507.5 205
418.5 219
508.5 204
417.5 219
509.5 204
416.5 219
510.5 204
415.5 219
511.5 204
414.5 219
512.5 204
413.5 219
513.5 204
412.5 220
514.5 204
411.5 220
515.5 203
410.5 220
516.5 203
409.5 220
517.5 203
408.5 220
518.5 203
407.5 221
519.5 203
406.5 146
520.5 203
405.5 143
521.5 203
404.5 141
522.5 202
403.5 140
523.5 202
402.5 138
524.5 202
401.5 137
525.5 202
400.5 136
526.5 202
399.5 135
527.5 202
398.5 134
528.5 202
397.5 133
529.5 202
396.5 133
530.5 201
395.5 132
531.5 201
394.5 132
532.5 201
393.5 131
533.5 201
392.5 131
534.5 201
391.5 130
535.5 201
390.5 130
536.5 201
389.5 129
537.5 201
388.5 129
538.5 200
387.5 129
539.5 200
386.5 128
540.5 200
385.5 128
541.5 200
384.5 128
542.5 200
383.5 128
543.5 200
382.5 128
544.5 200
381.5 128
545.5 200
380.5 128
546.5 200
379.5 127
547.5 199
378.5 127
548.5 199
377.5 127
549.5 199
376.5 127
550.5 199
375.5 127
551.5 199
374.5 127
552.5 199
373.5 127
553.5 199
372.5 128
554.5 199
371.5 128
555.5 199
370.5 128
556.5 198
369.5 128
557.5 198
368.5 128
558.5 198
367.5 128
559.5 198
366.5 128
560.5 198
365.5 128
561.5 198
364.5 129
562.5 198
514.35 204
513.3 204
515.73 203
512.25 204
516.78 203
511.2 204
517.83 203
510.14 204
518.88 203
509.09 204
519.93 203
508.04 204
520.98 203
506.66 205
522.36 202
505.61 205
523.41 202
504.56 205
524.46 202
503.51 205
525.51 202
502.46 205
526.57 202
501.41 205
527.62 202
500.03 206
528.67 202
498.98 206
530.05 201
497.93 206
531.1 201
496.88 206
532.15 201
495.83 206
533.2 201
494.77 206
534.25 201
493.4 207
535.3 201
492.35 207
536.35 201
491.29 207
537.41 201
490.24 207
538.78 200
489.19 207
539.83 200
488.14 207
540.88 200
487.09 207
541.94 200
485.71 208
542.99 200
484.66 208
544.04 200
483.61 208
545.09 200
482.56 208
546.14 200
481.51 208
547.52 199
480.13 209
548.57 199
479.08 209
549.62 199
478.03 209
550.67 199
476.98 209
551.72 199
475.92 209
552.78 199
474.55 210
553.83 199
473.5 210
554.88 199
472.44 210
556.26 198
471.39 210
557.31 198
470.34 210
558.36 198
469.29 210
559.41 198
468.24 210
560.46 198
466.86 211
561.51 198
465.81 211
562.56 198
464.76 211
563.62 198
463.71 211
564.67 198
462.66 211
566.04 197
461.28 212
567.09 197
460.23 212
568.15 197
459.18 212
569.2 197
458.13 212
570.25 197
457.07 212
571.3 197
456.02 212
572.35 197
454.65 213
573.4 197
453.6 213
574.45 197
452.54 213
575.51 197
451.49 213
576.88 196
450.44 213
577.93 196
449.39 213
578.99 196
448.01 214
580.04 196
446.96 214
581.09 196
445.91 214
582.14 196
444.86 214
583.19 196
443.81 214
584.24 196
442.76 214
585.29 196
441.38 215
586.35 196
440.33 215
587.4 196
439.28 215
588.77 195
438.22 215
589.83 195
437.17 215
590.88 195
436.12 215
591.93 195
434.75 216
592.98 195
433.69 216
594.03 195
432.64 216
595.08 195
431.59 216
596.13 195
430.54 216
597.19 195
429.16 217
598.24 195
428.11 217
599.29 195
427.06 217
600.34 195
426.01 217
601.39 195
424.96 217
602.77 194
423.58 218
603.82 194
422.53 218
604.87 194
421.48 218
605.92 194
420.43 218
606.97 194
419.38 218
608.02 194
418 219
609.08 194
416.95 219
610.13 194
415.9 219
611.18 194
414.84 219
612.23 194
413.79 219
613.28 194
412.42 220
614.33 194
411.37 220
615.39 194
410.31 220
616.44 194
409.26 220
617.49 194
408.21 220
618.54 194
406.83 221
619.59 194
405.78 221
620.97 193
404.73 221
622.02 193
583.02 196
581.78 196
584.25 196
580.54 196
585.49 196
579.31 196
586.72 196
578.07 196
588.69 195
576.84 196
589.92 195
574.87 197
591.16 195
573.64 197
592.4 195
572.4 197
593.63 195
571.17 197
594.87 195
569.93 197
596.1 195
568.69 197
597.34 195
567.46 197
598.58 195
566.22 197
599.81 195
564.26 198
601.05 195
563.02 198
603.01 194
561.79 198
604.25 194
560.55 198
605.48 194
559.31 198
606.72 194
558.08 198
607.95 194
556.84 198
609.19 194
554.88 199
610.43 194
553.64 199
611.66 194
552.41 199
612.9 194
551.17 199
614.13 194
549.93 199
615.37 194
548.7 199
616.61 194
547.46 199
617.84 194
545.5 200
619.08 194
544.26 200
621.04 193
543.03 200
622.28 193
541.79 200
623.51 193
540.56 200
624.75 193
539.32 200
625.99 193
538.08 200
627.22 193
536.12 201
628.46 193
534.89 201
629.69 193
533.65 201
630.93 193
532.41 201
632.17 193
531.18 201
633.4 193
529.21 202
634.64 193
527.98 202
635.87 193
526.74 202
637.11 193
525.51 202
638.35 193
524.27 202
639.58 193
523.03 202
640.82 193
521.07 203
642.06 193
519.84 203
643.29 193
518.6 203
644.53 193
517.36 203
645.76 193
516.13 203
647 193
514.16 204
648.24 193
512.93 204
649.47 193
511.69 204
650.71 193
510.46 204
651.94 193
509.22 204
653.18 193
507.26 205
654.42 193
506.02 205
655.65 193
504.79 205
656.89 193
503.55 205
658.12 193
502.31 205
659.36 193
501.08 205
660.6 193
499.11 206
661.83 193
497.88 206
663.07 193
496.64 206
664.3 193
495.41 206
665.54 193
494.17 206
666.78 193
492.21 207
668.01 193
490.97 207
669.25 193
489.74 207
670.48 193
488.5 207
671.72 193
487.26 207
672.96 193
485.3 208
674.19 193
484.06 208
675.43 193
482.83 208
676.66 193
481.59 208
677.17 194
479.63 209
678.41 194
478.39 209
679.65 194
477.16 209
680.88 194
475.92 209
682.12 194
473.96 210
683.35 194
472.72 210
684.59 194
471.49 210
685.83 194
470.25 210
687.06 194
469.01 210
688.3 194
467.05 211
689.54 194
465.82 211
690.77 194
464.58 211
691.28 195
463.34 211
692.52 195
462.11 211
693.75 195
460.15 212
694.99 195
458.91 212
696.22 195
457.67 212
697.46 195
456.44 212
698.7 195
455.2 212
699.93 195
453.24 213
701 195.23
452 213
701.68 196
450.77 213
702.91 196
449.53 213
704.15 196
447.57 214
705.39 196
691.29 195
690.97 194
692.99 195
689.26 194
694.69 195
687.56 194
696.4 195
685.86 194
698.1 195
684.16 194
699.8 195
682.46 194
701 195.36
680.76 194
701.82 196
679.06 194
703.53 196
677.36 194
705.23 196
677 193.02
706.93 196
675.33 193
708.63 196
673.63 193
709 196.97
671.93 193
710.66 197
670.23 193
712.36 197
668.52 193
714.06 197
666.82 193
715.76 197
665.12 193
716.08 198
663.42 193
717.79 198
661.72 193
719.49 198
660.02 193
721.19 198
658.32 193
722 198.65
656.62 193
723.21 199
654.91 193
724.92 199
653.21 193
726.62 199
651.51 193
727 199.96
649.81 193
728.64 200
648.11 193
730.34 200
646.41 193
732 200.03
644.71 193
732.37 201
643 193
734.07 201
641.3 193
735.77 201
639.6 193
736.1 202
637.9 193
737.8 202
636.2 193
739.5 202
634.5 193
740 202.87
632.8 193
741.53 203
631.1 193
743.23 203
629.39 193
744 203.68
627.69 193
745.25 204
625.99 193
746.96 204
624.29 193
747.28 205
622.59 193
748.98 205
620.89 193
750 205.5
617.81 194
751.01 206
616.11 194
752.71 206
614.41 194
753.03 207
612.71 194
754.74 207
611.01 194
756 207.32
609.3 194
756.76 208
607.6 194
758.46 208
605.9 194
759 208.85
604.2 194
760.49 209
602.5 194
762 209.14
599.42 195
762.52 210
597.72 195
764 210.16
596.02 195
764.54 211
594.32 195
766 211.18
592.62 195
766.57 212
590.91 195
768.27 212
589.21 195
769 212.71
586.14 196
770.3 213
584.43 196
771 213.72
582.73 196
772.32 214
581.03 196
773 214.74
579.33 196
774.35 215
577.63 196
775 215.76
574.55 197
776.37 216
572.85 197
777 216.78
571.15 197
778.4 217
569.45 197
779 217.8
567.75 197
780.43 218
566.04 197
781 218.82
562.97 198
782 219.33
561.27 198
782.78 220
559.56 198
784 220.35
557.86 198
784.8 221
556.16 198
786 221.37
553.08 199
786.83 222
551.38 199
787.16 223
549.68 199
788.86 223
547.98 199
789.18 224
544.9 200
790 224.64
543.2 200
791.21 225
541.5 200
792 225.66
539.8 200
793 226.17
538.1 200
793.56 227
535.02 201
794 227.92
533.32 201
795.59 228
531.62 201
796 228.93
528.54 202
797 229.44
526.84 202
797.94 230
525.14 202
798.26 231
523.44 202
799.96 231
520.36 203
800.29 232
518.66 203
801 232.72
516.96 203
802 233.23
515.25 203
802.64 234
512.18 204
803 234.97
510.47 204
804 235.48
815 246.29
814 245.56
816 247.02
813 244.84
816 248.07
812.34 244
816.37 249
812 243.06
817 249.85
811 242.33
818 250.57
810 241.61
819 251.3
809 240.88
820 252.03
808.47 240
820 253.08
808 239.1
820.4 254
807 238.38
821 254.86
806 237.65
822 255.58
805 236.92
822 256.63
804.6 236
823 257.36
804 235.14
824 258.09
803 234.42
824.43 259
802 233.69
825 259.86
801 232.96
825 260.92
800.73 232
826 261.64
800 231.19
826 262.69
798 230.79
827 263.42
797.18 230
828 264.15
797 229.01
828 265.2
796 228.28
828.77 266
794 227.88
829 266.98
793.47 227
829.09 268
793 226.1
830 268.75
792 225.37
830 269.81
790 224.97
831 270.53
789.76 224
831 271.58
789 223.19
832 272.31
787 222.79
833 273.04
786.2 222
833 274.09
786 221.02
833.43 275
784 220.61
834 275.87
782.65 220
834 276.92
782 219.16
835 277.64
781 218.43
835 278.7
779.1 218
835 279.75
778.94 217
836 280.47
777 216.58
836 281.53
775.55 216
837 282.25
775 215.13
837 283.3
773 214.72
838 284.03
771.99 214
838 285.08
771 213.27
838.41 286
769 212.87
839 286.86
768.44 212
839 287.91
766 211.74
839 288.96
765.05 211
841 289.36
764 210.29
842 290.09
762 209.89
842.44 291
761.49 209
844 291.54
759 208.76
845.83 292
758.1 208
846 293
756 207.63
848 293.4
754.7 207
849 294.13
753 206.5
849.54 295
751.31 206
851 295.58
750 205.37
852.94 296
747.92 205
853.1 297
747 204.25
854 297.76
744.52 204
856 298.16
744 203.12
856.65 299
741.13 203
858 299.61
740 202.31
859 300.34
737.73 202
860.2 301
736 201.51
861 301.79
734.34 201
862 302.52
732 200.71
863.76 303
730.94 200
864 303.97
727.71 200
865 304.7
727 199.18
867 305.1
724.31 199
867.47 306
722 198.7
868 306.88
720.92 198
870 307.28
717.68 198
871 308.01
716 197.5
871.18 309
714.29 197
872 309.78
711.05 197
873 310.51
709 196.62
874.73 311
707.66 196
875 311.96
704.42 196
876 312.69
701.19 196
877 313.42
701 195.01
878 314.14
697.79 195
878.6 315
694.55 195
879 315.92
691.32 195
880 316.65
691 194.05
881 317.37
687.92 194
882 318.1
684.69 194
882.47 319
681.45 194
883 319.88
678.22 194
884 320.61
677 193.34
885 321.33
674.82 193
885 322.38
671.59 193
886 323.11
668.35 193
886.5 324
665.11 193
887 324.89
661.88 193
888 325.61
658.64 193
889 326.34
908 360.5
907 359.5
908 361.5
907 358.5
908 362.5
906 357.5
909 363.5
906 356.5
909 364.5
905 355.5
910 365.5
905 354.5
910 366.5
904 353.5
911 367.5
904 352.5
911 368.5
903 351.5
912 369.5
903 350.5
914 370.5
902 349.5
918 371.5
902 348.5
919 372.5
901 347.5
921 373.5
901 346.5
922 374.5
900 345.5
923 375.5
900 344.5
923 376.5
899 343.5
924 377.5
899 342.5
924 378.5
898 341.5
925 379.5
898 340.5
925 380.5
897 339.5
926 381.5
897 338.5
926 382.5
896 337.5
926 383.5
895 336.5
927 384.5
895 335.5
927 385.5
894 334.5
927 386.5
893 333.5
927 387.5
893 332.5
927 388.5
892 331.5
927 389.5
892 330.5
927 390.5
891 329.5
927 391.5
890 328.5
927 392.5
889 327.5
927 393.5
889 326.5
927 394.5
888 325.5
927 395.5
887 324.5
927 396.5
886 323.5
927 397.5
885 322.5
927 398.5
885 321.5
927 399.5
884 320.5
927 400.5
883 319.5
927 401.5
882 318.5
927 402.5
881 317.5
927 403.5
880 316.5
927 404.5
879 315.5
927 405.5
878 314.5
927 406.5
877 313.5
927 407.5
876 312.5
927 408.5
875 311.5
927 409.5
873 310.5
927 410.5
872 309.5
927 411.5
871 308.5
927 412.5
870 307.5
927 413.5
868 306.5
927 414.5
867 305.5
927 415.5
865 304.5
927 416.5
864 303.5
927 417.5
862 302.5
927 418.5
861 301.5
927 419.5
859 300.5
927 420.5
858 299.5
927 421.5
856 298.5
927 422.5
854 297.5
927 423.5
853 296.5
927 424.5
851 295.5
927 425.5
849 294.5
927 426.5
848 293.5
913 427.5
846 292.5
868 428.5
844 291.5
868 429.5
842 290.5
868 430.5
841 289.5
868 431.5
839 288.5
868 432.5
839 287.5
867 433.5
839 286.5
867 434.5
838 285.5
867 435.5
838 284.5
867 436.5
837 283.5
867 437.5
837 282.5
867 438.5
836 281.5
867 439.5
836 280.5
866 440.5
835 279.5
866 441.5
835 278.5
866 442.5
835 277.5
866 443.5
834 276.5
866 444.5
834 275.5
866 445.5
833 274.5
865 446.5
833 273.5
865 447.5
832 272.5
865 448.5
831 271.5
865 449.5
831 270.5
865 450.5
830 269.5
864 451.5
830 268.5
864 452.5
829 267.5
864 453.5
829 266.5
864 454.5
828 265.5
863 455.5
828 264.5
863 456.5
827 263.5
863 457.5
826 262.5
862 458.5
826 261.5
862 459.5
