86.0 48.0
86.0 56.0
86.0 64.0
86.0 72.0
86.0 80.0
86.0 88.0
86.0 96.0
86.0 104.0
86.0 112.0
86.0 120.0
86.0 128.0
86.0 136.0
86.0 144.0
86.0 152.0
86.0 160.0
86.0 168.0
86.0 176.0
86.0 184.0
86.0 192.0
86.0 200.0
86.0 208.0
86.0 216.0
86.0 224.0
86.0 232.0
86.0 240.0
86.0 48.0
92.0 48.0
98.0 48.0
104.0 48.0
110.0 48.0
116.0 48.0
122.0 48.0
128.0 48.0
134.0 48.0
140.0 48.0
146.0 48.0
152.0 48.0
158.0 48.0
164.0 48.0
170.0 48.0
176.0 48.0
182.0 48.0
188.0 48.0
194.0 48.0
200.0 48.0
206.0 48.0
212.0 48.0
218.0 48.0
224.0 48.0
230.0 48.0
238.0 48.0
238.0 56.0
238.0 64.0
238.0 72.0
238.0 80.0
126.0 88.0
126.0 96.0
126.0 104.0
126.0 112.0
126.0 120.0
229.0 128.0
230.0 136.0
230.0 144.0
230.0 152.0
230.0 160.0
126.0 168.0
126.0 176.0
126.0 184.0
126.0 192.0
126.0 200.0
126.0 208.0
126.0 216.0
241.0 224.0
241.0 232.0
242.0 240.0
86.0 253.0
92.0 253.0
98.0 253.0
104.0 253.0
110.0 253.0
116.0 253.0
122.0 253.0
128.0 253.0
134.0 253.0
140.0 253.0
146.0 253.0
152.0 253.0
158.0 253.0
164.0 253.0
170.0 253.0
176.0 253.0
182.0 253.0
188.0 253.0
194.0 253.0
200.0 253.0
206.0 253.0
212.0 253.0
218.0 253.0
224.0 253.0
230.0 253.0
