157.0 44.0
132.0 48.0
121.0 52.0
113.0 56.0
106.0 60.0
100.0 64.0
96.0 68.0
92.0 72.0
88.0 76.0
84.0 80.0
82.0 84.0
79.0 88.0
77.0 92.0
75.0 96.0
73.0 100.0
71.0 104.0
69.0 108.0
68.0 112.0
67.0 116.0
66.0 120.0
65.0 124.0
64.0 128.0
64.0 132.0
64.0 136.0
63.0 140.0
63.0 144.0
63.0 148.0
63.0 152.0
63.0 156.0
64.0 160.0
64.0 164.0
64.0 168.0
65.0 172.0
66.0 176.0
67.0 180.0
68.0 184.0
69.0 188.0
70.0 192.0
72.0 196.0
73.0 200.0
75.0 204.0
77.0 208.0
80.0 212.0
82.0 216.0
85.0 220.0
88.0 224.0
92.0 228.0
97.0 232.0
101.0 236.0
107.0 240.0
63.0 135.0
66.0 118.0
69.0 108.0
72.0 101.0
75.0 94.0
78.0 89.0
81.0 85.0
84.0 80.0
87.0 77.0
90.0 74.0
93.0 70.0
96.0 68.0
99.0 65.0
102.0 63.0
105.0 61.0
108.0 59.0
111.0 57.0
114.0 55.0
117.0 54.0
120.0 53.0
123.0 51.0
126.0 50.0
129.0 49.0
132.0 48.0
135.0 48.0
138.0 47.0
141.0 47.0
144.0 46.0
147.0 45.0
150.0 45.0
153.0 45.0
156.0 45.0
159.0 45.0
162.0 45.0
165.0 45.0
168.0 45.0
171.0 45.0
174.0 45.0
177.0 45.0
180.0 45.0
183.0 46.0
186.0 46.0
189.0 47.0
192.0 47.0
195.0 48.0
198.0 48.0
201.0 49.0
204.0 50.0
207.0 51.0
210.0 53.0
174.0 44.0
199.0 48.0
210.0 52.0
218.0 56.0
224.0 60.0
229.0 64.0
233.0 68.0
237.0 72.0
240.0 76.0
242.0 80.0
245.0 84.0
246.0 88.0
248.0 92.0
250.0 96.0
251.0 100.0
248.0 104.0
226.0 108.0
110.0 112.0
109.0 116.0
108.0 120.0
107.0 124.0
106.0 128.0
105.0 132.0
105.0 136.0
105.0 140.0
254.0 144.0
254.0 148.0
254.0 152.0
254.0 156.0
254.0 160.0
254.0 164.0
254.0 168.0
254.0 172.0
254.0 176.0
254.0 180.0
254.0 184.0
254.0 188.0
254.0 192.0
254.0 196.0
254.0 200.0
254.0 204.0
254.0 208.0
254.0 212.0
254.0 216.0
254.0 220.0
254.0 224.0
250.0 228.0
244.0 232.0
238.0 236.0
230.0 240.0
63.0 164.0
66.0 180.0
69.0 191.0
72.0 198.0
75.0 205.0
78.0 210.0
81.0 216.0
84.0 220.0
87.0 223.0
90.0 227.0
93.0 230.0
96.0 232.0
99.0 235.0
102.0 237.0
105.0 239.0
108.0 241.0
111.0 243.0
114.0 245.0
117.0 246.0
120.0 247.0
123.0 249.0
126.0 250.0
129.0 251.0
132.0 252.0
135.0 252.0
138.0 253.0
141.0 254.0
144.0 254.0
147.0 255.0
150.0 255.0
153.0 256.0
156.0 256.0
159.0 256.0
162.0 256.0
165.0 256.0
168.0 256.0
171.0 256.0
174.0 256.0
177.0 256.0
180.0 255.0
183.0 255.0
186.0 255.0
189.0 254.0
192.0 254.0
195.0 253.0
198.0 252.0
201.0 252.0
204.0 251.0
207.0 250.0
210.0 249.0
