88.000000000000000 50.500000000000000
88.000000000000000 52.859307014386189
87.000000000000000 55.111039488168792
85.000000000000000 57.081189421866696
85.000000000000000 59.358134239200751
85.000000000000000 61.709825368171110
93.000000000000000 67.326914036016106
94.000000000000000 70.969519052849819
93.246339143825296 74.000000000000000
93.000000000000000 77.471289737114176
91.000000000000000 79.924993099729235
88.576923727047486 82.000000000000000
68.000000000000000 66.933418807640848
67.872596631727887 69.000000000000000
67.000000000000000 70.445109486002025
74.112669710560354 83.000000000000000
66.048247971963704 75.000000000000000
64.000000000000000 75.056647570050700
62.969888821954264 77.000000000000000
65.743288886626516 89.000000000000000
59.435230339556632 78.000000000000000
57.817697549273049 79.000000000000000
56.127470430748211 80.000000000000000
54.226694368344738 80.000000000000000
52.544823570660014 83.000000000000000
50.500083635579756 86.000000000000000
48.077863152598532 89.000000000000000
45.383731567639089 91.000000000000000
42.583569256917706 92.000000000000000
39.587920240901646 93.000000000000000
36.366063713249929 94.000000000000000
33.673109238745688 93.000000000000000
31.442194027121428 91.000000000000000
30.000000000000000 87.789588396140232
30.000000000000000 82.802953805796406
30.000000000000000 78.715855560694891
30.000000000000000 75.280306185592707
30.310117932039091 72.000000000000000
29.000000000000000 70.689960724038357
28.000000000000000 69.113600184316809
26.413577306419455 68.000000000000000
25.000000000000000 66.682904245460136
24.124575386444569 65.000000000000000
23.936311706011999 63.000000000000000
23.000000000000000 61.388114169374319
22.000000000000000 59.760226196293097
22.000000000000000 57.817520473360098
21.668046311434033 56.000000000000000
18.000000000000000 54.605791250081325
14.000000000000000 52.796464224361181
12.000000000000000 50.500073333714681
9.000000000000000 47.889114071391965
7.000000000000000 45.004821838210489
6.000000000000000 42.011289862065333
6.000000000000000 39.074487683772176
8.000000000000000 36.691033376967624
11.351099942479372 35.000000000000000
14.000000000000000 33.324557880926776
18.667405081038069 33.000000000000000
21.348476685997166 32.000000000000000
25.036755060373029 32.000000000000000
26.928387830694152 31.000000000000000
27.000000000000000 28.432175185397817
28.000000000000000 26.540105233008742
29.404412386300876 25.000000000000000
29.000000000000000 20.908019789251760
26.701588755507920 13.000000000000000
34.282081036336386 21.000000000000000
36.147669973913771 20.000000000000000
36.000000000000000 13.877582478821580
36.690745940964668 8.000000000000000
42.925631739056314 21.000000000000000
45.063238204374471 22.000000000000000
46.899451135035541 22.000000000000000
48.832630274648380 24.000000000000000
50.499892334009928 25.000000000000000
51.978413622941076 27.000000000000000
53.342364059343105 28.000000000000000
54.410469595601469 30.000000000000000
55.506579086155305 31.000000000000000
56.185990537570000 33.000000000000000
57.428753734786149 33.000000000000000
58.264307606440404 34.000000000000000
59.000000000000000 35.038337775408252
59.702033895116102 36.000000000000000
61.000000000000000 36.047705716936662
61.668059576958711 37.000000000000000
63.177068039926418 37.000000000000000
65.940785872486245 36.000000000000000
71.653740238214397 33.000000000000000
77.339218744487113 31.000000000000000
82.000000000000000 30.509346960311916
85.000000000000000 31.533244150191116
87.000000000000000 33.324186330058858
88.000000000000000 35.652525472086559
88.000000000000000 38.315262347826774
88.000000000000000 40.871444093799269
88.000000000000000 43.346277853956501
88.000000000000000 45.762488774238733
88.000000000000000 48.140552422332050
