142.0 48.0
142.0 56.0
142.0 64.0
142.0 72.0
142.0 80.0
143.0 104.0
142.0 112.0
142.0 120.0
142.0 128.0
142.0 136.0
142.0 144.0
142.0 152.0
142.0 160.0
142.0 168.0
142.0 176.0
142.0 184.0
142.0 192.0
142.0 200.0
142.0 208.0
142.0 216.0
142.0 224.0
142.0 232.0
142.0 240.0
141.0 50.0
142.0 48.0
143.0 48.0
144.0 48.0
145.0 48.0
146.0 48.0
147.0 48.0
148.0 48.0
149.0 48.0
150.0 48.0
151.0 48.0
152.0 48.0
153.0 48.0
154.0 48.0
155.0 48.0
156.0 48.0
157.0 48.0
158.0 48.0
159.0 48.0
160.0 48.0
161.0 48.0
162.0 48.0
163.0 48.0
164.0 48.0
165.0 48.0
180.0 48.0
180.0 56.0
180.0 64.0
180.0 72.0
180.0 80.0
179.0 104.0
180.0 112.0
180.0 120.0
180.0 128.0
180.0 136.0
180.0 144.0
180.0 152.0
180.0 160.0
180.0 168.0
180.0 176.0
180.0 184.0
180.0 192.0
180.0 200.0
180.0 208.0
180.0 216.0
180.0 224.0
180.0 232.0
180.0 240.0
141.0 250.0
142.0 253.0
143.0 253.0
144.0 253.0
145.0 253.0
146.0 253.0
147.0 253.0
148.0 253.0
149.0 253.0
150.0 253.0
151.0 253.0
152.0 253.0
153.0 253.0
154.0 253.0
155.0 253.0
156.0 253.0
157.0 253.0
158.0 253.0
159.0 253.0
160.0 253.0
161.0 253.0
162.0 253.0
163.0 253.0
164.0 253.0
165.0 253.0
