172 131.83
172 130.78
172 132.88
171 129.4
172 133.94
171 128.35
172 134.99
171 127.3
172 136.04
171 126.25
172 137.09
170 124.87
172 138.14
170 123.82
173 139.52
169 122.45
173 140.57
169 121.39
173 141.62
169 120.34
173 142.67
169 119.29
173 143.72
168 117.92
173 144.78
168 116.86
174 146.15
167 115.49
174 147.2
167 114.44
174 148.25
166 113.06
174 149.31
166 112.01
174 150.36
165 110.63
174 151.41
165 109.58
174 152.46
164 108.2
174 153.51
164 107.15
174 154.56
163 105.78
174 155.61
163 104.72
174 156.67
162 103.35
174 157.72
161 101.97
174 158.77
160 100.6
174 159.82
160 99.544
174 160.87
159 98.168
174 161.92
157 96.467
174 162.97
157 95.415
173.92 164
157 94.364
173 164.75
155 92.662
173 165.8
154 91.286
173 166.86
154 90.234
173 167.91
152 88.533
173 168.96
151 87.157
173 170.01
149 85.455
173 171.06
148 84.079
173 172.11
148 83.028
172.49 173
147 81.651
172 173.89
147 80.6
172 174.94
148 79.873
172 175.99
148 78.822
172 177.05
148 77.77
172 178.1
148 76.719
172 179.15
148 75.667
172 180.2
148 74.616
172 181.25
149 73.889
172 182.3
149 72.838
171 183.03
174 157.18
174 155.95
174 158.42
174 154.71
174 159.65
174 153.47
174 160.89
174 152.24
174 162.13
174 151
174 163.36
174 149.77
173.18 164
174 148.53
173 165.11
174 147.29
173 166.34
174 146.06
173 167.58
173 144.1
173 168.82
173 142.86
173 170.05
173 141.62
173 171.29
173 140.39
173 172.52
173 139.15
172 173.03
172 137.19
172 174.27
172 135.95
172 175.51
172 134.72
172 176.74
172 133.48
172 177.98
172 132.24
172 179.21
172 131.01
172 180.45
171 129.05
172 181.69
171 127.81
172 182.92
171 126.57
171 183.43
170 124.61
171 184.67
170 123.37
171 185.9
169 121.41
171 187.14
169 120.18
170.48 188
168 118.21
170 188.89
168 116.98
170 190.12
167 115.01
170 191.36
166 113.05
169.18 192
166 111.82
169 193.1
165 109.85
169 194.34
164 107.89
169 195.58
163 105.93
169 196.81
163 104.69
168.93 198
161 102
168 198.56
160 100.04
168 199.79
159 98.078
167.96 201
157 95.388
167 201.54
157 94.152
167 202.78
154 90.737
166.98 204
152 88.048
166 204.52
148 83.905
166 205.76
147 81.943
166 206.99
147 80.707
166 208.23
147.73 80
165.36 209
148 78.961
165 209.97
148 77.725
165 211.21
170 191.64
170 189.94
169.02 192
170 188.24
169 193.67
171 187.91
169 195.37
171 186.21
169 197.07
171 184.51
168.44 198
171.14 183
168 199.1
172 182.49
168 200.8
172 180.78
167 201.12
172 179.08
167 202.82
172 177.38
166.62 204
172 175.68
166 204.85
172 173.98
166 206.55
172.52 173
166 208.25
173 171.95
165.31 209
173 170.25
165 210.28
173 168.55
165 211.98
173 166.85
164 212.31
173 165.15
163.99 214
173.4 164
163 214.33
174 163.12
163 216.03
174 161.42
162.47 217
174 159.72
161.96 218
174 158.02
161 218.38
174 156.32
160.21 219
174 154.61
158.98 219
174 152.91
157.74 219
174 151.21
156.5 219
174 149.51
155.27 219
174 147.81
152.58 217
174 146.11
151.34 217
173 143.03
147.2 213
173 141.33
137.24 201
173 139.63
136 200.99
172 136.55
136 202.69
172 134.85
136 204.39
172 133.15
136 206.09
172 131.45
136 207.79
171 128.37
136 209.49
171 126.67
135.13 210
170 123.59
135 211.52
169 120.51
134.11 212
168 117.43
129.24 207
167 114.36
125.1 203
166 111.28
123.14 202
163 105.45
120.45 200
160 99.618
119.21 200
147 80.024
117.98 200
148 79.699
116.74 200
148 77.998
115.51 200
143.53 208
145.56 211
142.15 207
147.26 213
140.13 204
148.63 214
138.43 202
150.34 216
137.05 201
151.71 217
136 201.01
152.76 217
136 204.24
154.14 218
136 207.48
155.52 219
135.77 210
156.57 219
135 210.87
157.62 219
134.31 212
158.67 219
133.26 212
159.72 219
131.24 209
160.77 219
129.54 207
161.5 218
128.16 206
162.23 217
126.46 204
163 216.15
125.08 203
163.35 214
123.71 202
164 212.75
122.33 201
164.81 212
120.95 200
165 209.36
119.9 200
165.94 209
118.85 200
166 205.96
117.8 200
166.41 204
116.75 200
167 202.57
115.7 200
167.54 201
114.97 201
168 199.17
114 201.25
168.67 198
113.19 202
169 195.78
112.14 202
169 192.54
111.41 203
169.87 192
110.69 204
170 189.15
109.96 205
170.68 188
109 205.28
171 185.75
108.51 207
171.16 183
108 208.68
172 182.36
107.05 209
172 179.12
106.33 210
172 175.89
106 212.23
172.11 173
105.2 213
173 172.49
104.15 213
173 169.26
98.872 200
173 166.02
98 200.55
173.39 164
97.094 201
174 162.63
96.692 203
174 159.39
95.966 204
174 156.15
95 204.26
174 152.92
94.838 207
174 149.68
93.786 207
174 146.45
92.085 205
173 140.13
88.109 196
112.5 202
113.5 202
111.5 203
114.5 201
110.5 204
115.5 200
109.5 205
116.5 200
108.5 207
117.5 200
107.5 209
118.5 200
106.5 210
119.5 200
105.5 213
120.5 200
104.5 213
121.5 200
103.5 210
122.5 201
102.5 199
123.5 202
101.5 199
124.5 202
100.5 199
125.5 203
99.5 199
126.5 204
98.5 200
127.5 205
97.5 201
128.5 206
96.5 203
129.5 207
95.5 204
130.5 208
94.5 207
131.5 209
93.5 207
132.5 210
92.5 205
133.5 212
91.5 195
134.5 212
90.5 195
135.5 210
89.5 195
136.5 200
88.5 196
137.5 201
87.5 196
138.5 202
86.5 198
139.5 203
85.5 199
140.5 204
84.5 202
141.5 205
83.5 205
142.5 207
82.5 205
143.5 208
81.5 203
144.5 209
80.5 171
145.5 211
79.5 170
146.5 212
78.5 169
147.5 213
77.5 169
148.5 214
76.5 168
149.5 215
75.5 167
150.5 216
74.5 166
151.5 217
73.5 165
152.5 217
72.5 164
153.5 217
71.5 163
154.5 218
70.5 163
155.5 219
69.5 162
156.5 219
68.5 160
157.5 219
67.5 160
158.5 219
66.5 158
159.5 219
65.5 157
160.5 219
64.5 156
161.5 218
63.5 154
82.445 205
83.496 205
82 203.13
86.822 198
81 202.97
88.524 196
81 199.74
89.9 195
81 196.5
90.951 195
87 174.8
92.003 195
86.209 174
92 198.24
85.157 174
92 201.48
84.431 173
92 204.72
83.704 172
92.96 205
82.653 172
93.361 207
81.926 171
94.413 207
80.875 171
96.764 203
80 170.46
98.79 200
79.097 170
100.17 199
78.37 169
101.22 199
77.319 169
102.27 199
76.592 168
103 199.99
75.866 167
103 203.22
75 166.43
103 206.46
74.088 166
103 209.7
73.361 165
103.95 210
72.634 164
104.03 213
71.908 163
105.08 213
70.856 163
107.43 209
70 162.4
109.78 205
69.078 162
111.48 203
68.677 160
112.86 202
67.625 160
113.91 202
67 158.69
115.61 200
66.172 158
116.66 200
65.446 157
117.72 200
64.719 156
118.77 200
64 154.98
119.82 200
63.266 154
120.87 200
62.54 153
121.92 200
62 151.42
122.65 201
61.086 151
123.38 202
60.685 149
124.43 202
60 147.87
125.15 203
59.232 147
126 203.63
58.505 146
126.93 204
58 144.32
127.66 205
57.702 142
128.38 206
57 140.92
129.11 207
56.249 140
130 207.5
56 137.53
130.89 208
55.121 137
131.62 209
55 134.14
132.34 210
54.967 131
74 165.49
74.866 166
73.12 165
75.376 167
72.611 164
76 167.84
72 163.14
77 168.17
70.865 163
77.631 169
70 162.49
78.867 169
69.12 162
79.376 170
69 160.46
80 170.84
68.101 160
81.122 171
67 159.81
82 171.49
67 158.11
82.867 172
66 157.79
84 172.14
65.336 157
84.613 173
64.827 156
85.123 174
64 155.44
86.359 174
63.807 154
87 174.82
63 153.41
88.104 175
62.062 153
89 175.47
62 151.38
89.85 176
61.043 151
91 176.12
61 149.36
91.595 177
60.024 149
92.105 178
60 147.33
82 193.61
59.005 147
81 196.69
58.495 146
81 198.39
58 144.98
81 200.09
58 143.28
81 201.79
57.693 142
81.358 203
57 141.25
82 203.82
56.674 140
82.377 205
56 139.23
83.613 205
56 137.53
92.114 195
55.146 137
92 196.86
55 135.5
92 198.56
55 133.8
92 200.26
55 132.1
92 201.96
54.561 131
92 203.66
54 130.07
92.265 205
54 128.37
93 205.69
54 126.67
93.284 207
54 124.97
94.521 207
53.466 124
101.57 199
53 122.94
102.8 199
53 121.24
103 200.43
53 119.54
103 202.13
53 117.84
103 203.84
53 116.13
103 205.54
53 114.43
103 207.24
53 112.73
103 208.94
53 111.03
61 149.92
61.211 151
60.561 149
62 151.66
60 148.17
62 152.9
59.911 147
63 153.41
59 146.43
63.887 154
58 145.92
64 155.15
58 144.68
64.536 156
58 143.44
65 156.9
58 142.21
66 157.41
57 141.7
66.888 158
57 140.46
67 159.15
56 139.95
67.537 160
56 138.72
69 160.17
56 137.48
69 161.41
55 136.97
69.889 162
55 135.74
70.214 163
55 134.5
71.915 163
55 133.26
72.24 164
55 132.03
73 164.68
54.712 131
74 165.19
54 130.28
74.591 166
54 129.05
75 166.94
54 127.81
76 167.45
54 126.57
76.942 168
54 125.34
77.267 169
54 124.1
78.968 169
53 123.59
79.293 170
53 122.36
80 170.72
53 121.12
81.319 171
53 119.88
82 171.74
53 118.65
83.346 172
53 117.41
84 172.76
53 116.18
85 173.27
53 114.94
85.697 174
53 113.7
87 174.29
53 112.47
87.723 175
53 111.23
89 175.31
53 109.99
89.749 176
54 108.03
91 176.33
54 106.8
91.775 177
54 105.56
92.1 178
54 104.32
93.802 178
54 103.09
95 178.37
54 101.85
95.828 179
55 99.889
97 179.38
55 98.653
97.854 180
55 97.417
83 192.03
55 96.181
82 193.99
55 94.945
81 195.95
55 93.709
55 131.18
55 132.23
54 130.46
55 133.29
54 129.4
55 134.34
54 128.35
55 135.39
54 127.3
55 136.44
54 126.25
56 137.17
54 125.2
56 138.22
54 124.15
56 139.27
53 123.42
56.988 140
53 122.37
57 141.05
53 121.32
57.305 142
53 120.27
58 142.83
53 119.22
58 143.88
53 118.16
58 144.93
53 117.11
58 145.98
53 116.06
59 146.71
53 115.01
60 147.43
53 113.96
60 148.48
53 112.91
61 149.21
53 111.85
61 150.26
53 110.8
61.967 151
53 109.75
62 152.04
54 108.38
62.283 153
54 107.32
63 153.82
54 106.27
64 154.55
54 105.22
64 155.6
54 104.17
65 156.32
54 103.12
66 157.05
54 102.07
66.311 158
54 101.02
67 158.83
55 99.639
67 159.88
55 98.588
69 160.28
55 97.536
69 161.33
55 96.485
70 162.06
55 95.433
70.339 163
55 94.382
72 163.51
55 93.33
73 164.24
55 92.279
73.892 165
56 90.902
74.051 166
56 89.851
75 166.74
56 88.799
76 167.47
57 87.423
77 168.2
57 86.372
77.762 169
57 85.32
79 169.65
58 83.944
80 170.38
58 82.892
81.315 171
58 81.841
82 171.83
58 80.789
84 172.23
57.193 80
84.867 173
57 79.011
53 112.5
53 113.5
53 111.5
53 114.5
53 110.5
53 115.5
53 109.5
53 116.5
54 108.5
53 117.5
54 107.5
53 118.5
54 106.5
53 119.5
54 105.5
53 120.5
54 104.5
53 121.5
54 103.5
53 122.5
54 102.5
53 123.5
54 101.5
54 124.5
55 100.5
54 125.5
55 99.5
54 126.5
55 98.5
54 127.5
55 97.5
54 128.5
55 96.5
54 129.5
55 95.5
54 130.5
55 94.5
55 131.5
55 93.5
55 132.5
55 92.5
55 133.5
56 91.5
55 134.5
56 90.5
55 135.5
56 89.5
55 136.5
56 88.5
56 137.5
57 87.5
56 138.5
57 86.5
56 139.5
57 85.5
57 140.5
58 84.5
57 141.5
58 83.5
58 142.5
58 82.5
58 143.5
58 81.5
58 144.5
58 80.5
58 145.5
57 79.5
59 146.5
57 78.5
60 147.5
57 77.5
60 148.5
57 76.5
61 149.5
57 75.5
61 150.5
56 74.5
62 151.5
56 73.5
62 152.5
56 72.5
63 153.5
56 71.5
64 154.5
56 70.5
64 155.5
56 69.5
65 156.5
56 68.5
66 157.5
56 67.5
67 158.5
56 66.5
67 159.5
56 65.5
69 160.5
56 64.5
69 161.5
56 63.5
55 93.817
55 94.869
55 92.766
55 95.92
55.88 92
55 96.972
56 90.988
55 98.023
56 89.936
55 99.074
56 88.885
55 100.13
56.513 88
54.454 101
57 87.107
54 101.9
57 86.055
54 102.96
57 85.004
54 104.01
58 84.277
54 105.06
58 83.226
54 106.11
58 82.174
54 107.16
58 81.123
54 108.21
57 79.746
53.187 109
57 78.695
53 109.99
57 77.644
53 111.04
57 76.592
53 112.09
57 75.541
53 113.15
56 74.164
53 114.2
56 73.113
53 115.25
56 72.061
53 116.3
56 71.01
53 117.35
56 69.958
53 118.4
56 68.907
53 119.45
56 67.855
53 120.51
56 66.804
53 121.56
56 65.753
53 122.61
56 64.701
53 123.66
56 63.65
54 125.04
56 62.598
54 126.09
56 61.547
54 127.14
56 60.495
54 128.19
56 59.444
54 129.24
56 58.392
54 130.29
56 57.341
55 131.67
56 56.289
55 132.72
56 55.238
55 133.77
56 54.186
55 134.82
57 53.46
55 135.88
57 52.408
55 136.93
57 51.357
56 138.3
57 50.306
56 139.35
58 49.579
57 140.73
58 48.528
57 141.78
58 47.476
58 143.16
58 46.425
58 144.21
58 45.373
58 145.26
59 44.647
59 146.64
59 43.595
56 71.45
56 72.686
56 70.214
56 73.922
56 68.978
57 75.885
56 67.742
57 77.121
56 66.506
57 78.357
56 65.27
57 79.593
56 64.034
58 81.556
56 62.798
58 82.792
56 61.562
58 84.028
56 60.326
57.636 85
56 59.09
57 85.774
56 57.854
57 87.01
56 56.618
56.662 88
56 55.381
56 88.755
56 54.145
56 89.991
57 53.636
56 91.227
57 52.4
55.362 92
57 51.164
55 92.973
57.1 50
55 94.209
58 49.418
55 95.445
58 48.182
55 96.681
58 46.946
55 97.917
58 45.71
55 99.153
58.724 45
55 100.39
59 43.964
54.139 101
59 42.728
54 102.14
59.699 42
54 103.37
60 40.983
54 104.61
60.349 40
54 105.84
61 39.237
54 107.08
61 38.001
54 108.32
61.324 37
53.241 109
62 36.255
53 110.06
63 35.746
53 111.3
63.675 35
53 112.53
64 34
53 113.77
64 32.764
53 115.01
64.649 32
53 116.24
65 31.019
53 117.48
65 29.783
53 118.71
65.624 29
53 119.95
66 28.037
53 121.19
66 26.801
53 122.42
66 25.565
53 123.66
66 24.329
54 125.62
60 18.733
54 126.86
60.692 18
54 128.09
62 17.714
54 129.33
62.718 17
54 130.56
61 14.516
60 40.24
60 41.941
61 39.915
59 42.266
61 38.214
59 43.967
61.354 37
58.514 45
62 36.188
58 45.994
63 35.863
58 47.695
63.609 35
58 49.396
64 33.836
57.203 50
64 32.135
57 51.423
65 31.81
57 53.124
65 30.109
56.401 54
65.43 29
56 55.15
66 28.083
56 56.851
60 18.123
56 58.553
55 9.5398
56 60.254
55.117 8
56 61.955
56.353 8
56 63.657
57.589 8
56 65.358
58.826 8
56 67.059
60.788 9
56 68.76
62.751 10
56 70.462
63.987 10
56 72.163
65.949 11
56 73.864
67.912 12
57 76.942
69.875 13
57 78.643
77 21.106
58 81.721
78 20.781
58 83.422
78.669 20
57.91 85
79.178 19
57 85.449
80.414 19
57 87.15
81.65 19
56.382 88
82.16 18
56 89.176
83.396 18
56 90.877
84 17.13
55.58 92
85.141 17
55 92.904
86.378 17
55 94.605
87 16.155
55 96.306
88.123 16
55 98.008
89.359 16
55 99.709
90.595 16
54.702 101
91.831 16
54 101.74
93 15.907
54 103.44
93.577 15
54 105.14
94.813 15
54 106.84
96.049 15
54 108.54
97.285 15
53.098 109
98.521 15
53 110.57
99.757 15
53 112.27
100.99 15
53 113.97
102.23 15
82 18.631
81.069 19
82.847 18
80.017 19
83.898 18
79 19.106
84.625 17
78.239 20
85.676 17
77.513 21
86.727 17
76.786 22
87.454 16
74.76 19
88.505 16
72.734 16
89.557 16
71.357 15
90.608 16
69.656 13
91.66 16
68.604 13
92.711 16
67.228 12
93.438 15
65.852 11
94.489 15
64.475 10
95.541 15
63.424 10
96.592 15
62.372 10
97.644 15
60.996 9
98.695 15
59.944 9
99.747 15
58.568 8
100.8 15
57.517 8
101.85 15
56.465 8
102.9 15
55.414 8
103.95 15
55 9.9628
105 15
62.409 36
106.06 15
61.682 37
107.11 15
61 38.137
108.48 16
60.554 40
109.53 16
60 41.532
110.59 16
59.101 42
111.64 16
59 44.926
112.69 16
58 45.084
113.74 16
58 48.32
115.12 17
57.494 50
116.17 17
57 51.715
117.54 18
56.691 54
118.6 18
56 55.109
119.97 19
56 58.345
121.02 19
56 61.581
122.4 20
56 64.818
123.45 20
56 68.054
124.83 21
56 71.29
125.88 21
56 74.526
127.26 22
58 83.917
128 21.053
57.3 85
128.71 20
57 87.312
129.44 19
56.172 88
130 17.5
56 90.706
130.89 17
55.369 92
131.62 16
55 94.101
132.34 15
112.5 16
111.5 16
113.5 16
110.5 16
114.5 17
109.5 16
115.5 17
108.5 16
116.5 17
107.5 15
117.5 18
106.5 15
118.5 18
105.5 15
119.5 19
104.5 15
120.5 19
103.5 15
121.5 19
102.5 15
122.5 20
101.5 15
123.5 20
100.5 15
124.5 21
99.5 15
125.5 21
98.5 15
126.5 22
97.5 15
127.5 22
96.5 15
128.5 20
95.5 15
129.5 19
94.5 15
130.5 17
93.5 15
131.5 16
92.5 16
132.5 15
91.5 16
133.5 14
90.5 16
134.5 13
89.5 16
135.5 13
88.5 16
136.5 12
87.5 16
137.5 11
86.5 17
138.5 11
85.5 17
139.5 10
84.5 17
140.5 10
83.5 18
141.5 10
82.5 18
142.5 10
81.5 19
143.5 9
80.5 19
144.5 9
79.5 19
145.5 8
78.5 20
146.5 8
77.5 21
147.5 8
76.5 22
148.5 52
75.5 20
149.5 56
74.5 19
150.5 87
73.5 18
151.5 88
72.5 16
152.5 89
71.5 15
153.5 90
70.5 14
154.5 92
69.5 13
155.5 93
68.5 13
156.5 94
67.5 12
157.5 97
66.5 12
158.5 98
65.5 11
159.5 99
64.5 10
160.5 101
63.5 10
161.5 103
146.45 8
145.4 8
147.51 8
144.03 9
148 9.7144
142.65 10
141 34.494
141.6 10
141.89 35
140.55 10
142.29 37
139.5 10
143.02 38
138.12 11
144 38.205
137.07 11
144.47 40
135.37 13
145 41.6
134.31 13
145.6 43
132.61 15
146 44.994
131.24 16
147 45.153
129.21 19
147.45 47
127.18 22
148 48.547
126.13 22
148 51.783
125.41 21
148.98 52
124.36 21
149 55.178
123.63 20
149.78 56
122.58 20
150 58.572
121.85 19
150 61.808
120.8 19
150 65.044
119.75 19
150 68.28
119 18.065
148 77.672
117.97 18
147.32 83
117 17.749
148 84.144
116.19 17
148.77 85
115.14 17
149.5 86
114.09 17
150.23 87
113.36 16
151 87.855
112.31 16
152 88.014
111.26 16
152.73 89
110.21 16
153.46 90
109.16 16
154 91.566
108.11 16
154.91 92
107.38 15
155.64 93
106.33 15
156.36 94
105.28 15
157 95.278
104.22 15
157.49 97
103.17 15
158.22 98
102.12 15
159 98.83
101.07 15
160 99
100.02 15
160.4 101
98.967 15
161 102.38
97.915 15
161.85 103
96.864 15
162.58 104
95.812 15
163 105.94
94.761 15
163.71 107
93.709 15
164.11 109
92.333 16
165 109.49
150 60.886
150 59.184
150 62.587
150 57.483
150 64.288
149.84 56
150 65.99
149 55.457
150 67.691
149 53.756
149 70.769
149 52.054
149 72.47
148 51.729
148 75.548
148 50.028
148 77.249
148 48.327
148 78.95
147.73 47
147 82.028
147 46.301
147.53 83
146.71 45
148 84.054
146 44.274
148.55 85
145.69 43
149.06 86
145 42.248
150 86.405
145 40.547
150.8 87
144.16 40
151.31 88
144 38.521
152 88.756
143.14 38
153 89.081
142.63 37
153.57 90
142 36.169
154 91.107
141.61 35
154.59 92
141 34.143
155.1 93
140 33.818
156 93.459
139.36 33
156.84 94
139 31.792
157 95.485
139 30.091
157.14 97
138.56 29
158 97.511
138 28.065
158.88 98
144 18.105
159.39 99
142.84 18
160 99.862
148 9.1968
160.41 101
147.63 8
161 101.89
146.4 8
161.43 103
145.16 8
162 103.91
143.2 9
163 104.24
141.24 10
163 105.94
140 10
163.47 107
138.04 11
164 107.97
136.07 12
164.49 109
134.11 13
165 109.99
126.34 22
165.5 111
125.83 21
166 112.02
124.59 21
166 113.72
124 20.113
167 114.05
122.85 20
167 115.75
122 19.463
168 116.07
121.1 19
168 117.77
119.86 19
168.34 119
149 85.981
148.65 85
150 86.491
148 84.236
151 87
148 83
151.33 88
147 82.49
152 88.746
147 81.254
153 89.255
148 79.291
153.68 90
148 78.055
154 91.001
148 76.819
154.33 92
148 75.583
155 92.747
149 73.621
156 93.256
149 72.384
156.68 94
149 71.148
157 95.002
149 69.912
157 96.238
150 67.95
157.65 97
150 66.714
158 97.983
150 65.478
159 98.493
150 64.241
160 99.002
150 63.005
160 100.24
150 61.769
160.65 101
150 60.533
161 101.98
150 59.297
161.3 103
150 58.061
162 103.73
150 56.825
163 104.24
149.43 56
163 105.48
149 55.079
163 106.71
149 53.843
164 107.22
149 52.607
164 108.46
148.13 52
164.95 109
148 50.862
165 110.2
148 49.626
165.6 111
148 48.39
166 111.95
148 47.154
166 113.18
147 46.644
166.58 114
147 45.408
167 114.93
146 44.898
167.23 116
146 43.662
168 116.68
145.21 43
168 117.91
145 41.917
168.2 119
145 40.681
169 119.66
144.24 40
169 120.89
144 38.935
169 122.13
143.59 38
169.5 123
143 37.19
170 123.87
142 36.68
170 125.11
142 35.444
170.48 126
141 34.934
171 126.86
140.58 34
171 128.09
140 33.189
171 129.33
139 32.679
171.78 130
158 97.716
157 96.99
159 98.443
157 95.938
160 99.169
157 94.887
160 100.22
156.49 94
160.84 101
156 93.109
161 102
155 92.382
161.15 103
154 91.656
162 103.78
154 90.604
163 104.5
153 89.878
163 105.55
152.46 89
163 106.61
152 88.1
164 107.33
151 87.373
164 108.38
150 86.647
165 109.11
149 85.92
165 110.16
148.6 85
165.66 111
148 84.142
166 111.94
148 83.09
166 112.99
147 82.364
166.13 114
147 81.312
167 114.77
148 79.936
167 115.82
148 78.885
168 116.55
148 77.833
168 117.6
148 76.782
168 118.65
148 75.73
169 119.38
148 74.679
169 120.43
149 73.302
169 121.48
149 72.251
169 122.53
149 71.199
170 123.26
149 70.148
170 124.31
150 68.772
170 125.36
150 67.72
171 126.09
150 66.669
171 127.14
150 65.617
171 128.19
150 64.566
171 129.24
150 63.514
171.9 130
150 62.463
172 131.02
150 61.411
172 132.07
150 60.36
172 133.12
150 59.308
172 134.17
150 58.257
172 135.23
150 57.206
172 136.28
150 56.154
172 137.33
149 55.428
172 138.38
149 54.376
173 139.11
149 53.325
173 140.16
149 52.273
173 141.21
148 51.547
173 142.26
148 50.495
173 143.31
148 49.444
173 144.36
166 112.5
166 111.5
166 113.5
165 110.5
167 114.5
165 109.5
167 115.5
164 108.5
168 116.5
164 107.5
168 117.5
163 106.5
168 118.5
163 105.5
169 119.5
163 104.5
169 120.5
162 103.5
169 121.5
161 102.5
169 122.5
161 101.5
170 123.5
160 100.5
170 124.5
160 99.5
170 125.5
159 98.5
171 126.5
158 97.5
171 127.5
157 96.5
171 128.5
157 95.5
171 129.5
157 94.5
172 130.5
156 93.5
172 131.5
155 92.5
172 132.5
154 91.5
172 133.5
154 90.5
172 134.5
153 89.5
172 135.5
152 88.5
172 136.5
151 87.5
172 137.5
150 86.5
172 138.5
149 85.5
173 139.5
148 84.5
173 140.5
148 83.5
173 141.5
147 82.5
173 142.5
147 81.5
173 143.5
147 80.5
173 144.5
148 79.5
173 145.5
148 78.5
174 146.5
148 77.5
174 147.5
148 76.5
174 148.5
148 75.5
174 149.5
148 74.5
174 150.5
149 73.5
174 151.5
149 72.5
174 152.5
149 71.5
174 153.5
149 70.5
174 154.5
149 69.5
174 155.5
150 68.5
174 156.5
150 67.5
174 157.5
150 66.5
174 158.5
150 65.5
174 159.5
150 64.5
174 160.5
150 63.5
174 161.5
