42.000000000000000 23.500000000000000
43.000000000000000 24.500000000000000
67.000000000000000 25.500000000000000
66.000000000000000 26.500000000000000
66.000000000000000 27.500000000000000
65.000000000000000 28.500000000000000
65.000000000000000 29.500000000000000
65.000000000000000 30.500000000000000
65.000000000000000 31.500000000000000
65.000000000000000 32.500000000000000
66.000000000000000 33.500000000000000
67.000000000000000 34.500000000000000
67.000000000000000 35.500000000000000
68.000000000000000 36.500000000000000
69.000000000000000 37.500000000000000
70.000000000000000 38.500000000000000
70.000000000000000 39.500000000000000
71.000000000000000 40.500000000000000
72.000000000000000 41.500000000000000
73.000000000000000 42.500000000000000
67.000000000000000 25.084561479822231
66.000000000000000 26.023623517312821
66.000000000000000 27.025599791156072
65.561657679616914 28.000000000000000
65.000000000000000 28.966642397184714
65.000000000000000 29.968618671027961
65.000000000000000 30.970594944871209
65.000000000000000 31.972573126063089
66.000000000000000 33.037465543607631
67.000000000000000 34.102354146454900
67.000000000000000 35.104332327646780
68.000000000000000 36.169224745191322
69.000000000000000 37.234113348038598
70.000000000000000 38.299005765583132
70.000000000000000 39.300983946775013
71.000000000000000 40.365876364319547
72.000000000000000 41.430764967166830
73.000000000000000 42.495657864708896
74.000000000000000 43.560550282253431
75.000000000000000 44.625442699797972
66.000000000000000 26.515560464561698
66.000000000000000 27.523509191127214
65.000000000000000 28.405125629993741
65.000000000000000 29.413119546925493
65.000000000000000 30.421071847228532
65.000000000000000 31.429016518137040
65.000000000000000 32.436964039933166
66.000000000000000 33.571240983374338
67.000000000000000 34.705517926815517
67.000000000000000 35.713465448611643
68.000000000000000 36.847742392052822
70.000000000000000 38.108347793329401
70.000000000000000 39.116295315125527
71.000000000000000 40.250572258566706
72.000000000000000 41.384849202007885
73.000000000000000 42.519125181639410
74.000000000000000 43.653398310383324
75.000000000000000 44.787679068521761
75.000000000000000 45.795622775620629
76.000000000000000 46.929899719061794
66.000000000000000 27.993273753105090
65.000000000000000 28.820545380823823
65.000000000000000 29.838575814286017
65.000000000000000 30.856608607053296
65.000000000000000 31.874641399820568
66.000000000000000 33.083432998331311
67.000000000000000 34.292226956147132
67.000000000000000 35.310261204306592
68.000000000000000 36.519055162122413
69.000000000000000 37.727846760633156
70.000000000000000 38.936640718448970
71.000000000000000 40.145434676264792
72.000000000000000 41.354226274775534
73.000000000000000 42.563020232591356
74.000000000000000 43.771815645799357
75.000000000000000 44.980609603615179
76.000000000000000 46.189401202125921
76.000000000000000 47.207433994893194
77.000000000000000 48.416227952709015
77.000000000000000 49.434258386171216
65.000000000000000 29.209353309085802
65.000000000000000 30.241790077018010
65.000000000000000 31.274228700736707
65.000000000000000 32.306663509758138
66.000000000000000 33.595856672198920
67.000000000000000 34.885055608247740
68.000000000000000 36.174248770688521
69.000000000000000 37.463441933129303
70.000000000000000 38.752635095570085
71.000000000000000 40.041834031618905
72.000000000000000 41.331027194059686
73.000000000000000 42.620220356500468
75.000000000000000 44.166177645968638
75.000000000000000 45.198612454990069
76.000000000000000 46.487805617430851
76.000000000000000 47.520240426452283
77.000000000000000 48.809439362501109
78.000000000000000 50.098632524941891
78.000000000000000 51.131067333963315
78.000000000000000 52.163505957682013
65.000000000000000 30.620979242340052
65.000000000000000 31.672441169536004
66.000000000000000 33.048822676057625
67.000000000000000 34.425206661518907
67.000000000000000 35.476664774017593
69.000000000000000 37.177968338804540
70.000000000000000 38.554349845326158
70.000000000000000 39.605814251461773
72.000000000000000 41.307111522611798
74.000000000000000 43.008415087398745
75.000000000000000 44.384796593920370
75.000000000000000 45.436258521116315
76.000000000000000 46.812642506577603
77.000000000000000 48.189020198401955
77.000000000000000 49.240484604537571
78.000000000000000 50.616866111059181
78.000000000000000 51.668330517194796
79.000000000000000 53.044708209019149
79.000000000000000 54.096172615154764
78.545627436003969 55.000000000000000
65.000000000000000 32.049005072387693
66.000000000000000 33.520464004582713
67.000000000000000 34.991919122080468
68.000000000000000 36.463374239578222
70.000000000000000 38.330758532606964
70.000000000000000 39.406285268577165
72.000000000000000 41.273672582299739
74.000000000000000 43.141056081325047
75.000000000000000 44.612508178128977
76.000000000000000 46.083967110323997
76.000000000000000 47.159493846294197
77.000000000000000 48.630948963791951
78.000000000000000 50.102407895986971
78.000000000000000 51.177931611263332
78.000000000000000 52.253458347233533
79.000000000000000 53.724917279428553
79.000000000000000 54.800444015398753
76.787550511047584 55.000000000000000
51.339698813482435 46.000000000000000
51.000000000000000 46.941030334541267
67.000000000000000 34.447623800975272
68.000000000000000 36.023366845887011
70.000000000000000 38.069666512517195
70.000000000000000 39.174849345620970
72.000000000000000 41.221152602340659
74.000000000000000 43.267455859060348
75.000000000000000 44.843195313882575
76.000000000000000 46.418938358794314
76.000000000000000 47.524121191898089
77.000000000000000 49.099860646720316
78.000000000000000 50.675603691632055
78.000000000000000 51.780786524735831
79.000000000000000 53.356525979558057
79.000000000000000 54.461708812661840
77.795283511991926 55.000000000000000
73.321511207857057 54.000000000000000
53.971845416692034 46.000000000000000
51.623192034253449 46.000000000000000
51.000000000000000 46.811933457468449
50.000000000000000 47.446552488674762
69.000000000000000 37.206660862022296
70.000000000000000 38.897575694164466
72.000000000000000 41.138239175462417
74.000000000000000 43.378906471457626
75.000000000000000 45.069821303599788
76.000000000000000 46.760728126734250
77.000000000000000 48.451642958876420
78.000000000000000 50.142549782010882
78.000000000000000 51.283703761679114
78.000000000000000 52.424858120960529
79.000000000000000 54.115768758792257
78.532660978916070 55.000000000000000
76.456916479352330 55.000000000000000
68.924212840069188 52.000000000000000
61.391516139669292 49.000000000000000
53.858804870991619 46.000000000000000
51.783068000822396 46.000000000000000
51.000000000000000 46.710661326731795
50.000000000000000 47.302058648236546
50.000000000000000 48.443336044698242
72.000000000000000 41.012130815895695
75.000000000000000 44.100358712141926
75.000000000000000 45.284734870104607
76.000000000000000 47.103726073383754
77.000000000000000 48.922721091360174
78.000000000000000 50.741712294639321
78.000000000000000 51.926088452602002
79.000000000000000 53.745079655881156
79.000000000000000 54.929450972086180
77.244894084415506 55.000000000000000
73.802865655075408 54.000000000000000
68.785088279386059 52.000000000000000
62.191567968352665 49.000000000000000
55.000000000000000 45.620466650417761
53.731775803722947 46.000000000000000
51.865496320732085 46.000000000000000
51.000000000000000 46.635115869553601
50.000000000000000 47.184873167502545
50.000000000000000 48.369241696070702
50.000000000000000 49.553617854033376
76.000000000000000 46.205066847396495
77.000000000000000 48.167667964646071
78.000000000000000 50.130269081895641
78.000000000000000 51.366333043354942
79.000000000000000 53.328934160604518
79.000000000000000 54.564998122063820
77.897424478378127 55.000000000000000
76.196108180034926 55.000000000000000
73.118407413269452 54.000000000000000
68.664314548687216 52.000000000000000
64.210221684104994 50.000000000000000
61.132520917339527 49.000000000000000
55.000000000000000 45.780559656351123
53.600727285991837 46.000000000000000
51.899405737129449 46.000000000000000
51.000000000000000 46.582608460606565
50.000000000000000 47.092139080972863
50.000000000000000 48.328199227734899
50.000000000000000 49.564267003891473
51.000000000000000 51.526864306443777
78.000000000000000 50.717035346327549
78.000000000000000 52.014872401623705
79.000000000000000 54.139977166892365
78.470780034147623 55.000000000000000
76.901956620402970 55.000000000000000
74.124350555649485 54.000000000000000
71.346739879709460 53.000000000000000
68.569126185561444 52.000000000000000
64.582720618031487 50.000000000000000
61.805106923883478 49.000000000000000
55.401111573173679 45.000000000000000
55.000000000000000 45.966120019061549
53.472125205221104 46.000000000000000
51.903313069287179 46.000000000000000
51.000000000000000 46.550558196670053
50.000000000000000 47.021124343318334
50.000000000000000 48.318955745974456
50.000000000000000 49.616785830769061
51.000000000000000 51.741882489433024
51.000000000000000 53.039713892089146
79.000000000000000 54.996767091797508
77.542624922247782 55.000000000000000
76.081807162076800 55.000000000000000
73.556102246709372 54.000000000000000
71.030397331341959 53.000000000000000
68.504692415974546 52.000000000000000
64.914107974805219 50.000000000000000
62.388403059437792 49.000000000000000
57.732927895899628 46.000000000000000
55.207218918310097 45.000000000000000
54.811292375557670 46.000000000000000
53.350478677608791 46.000000000000000
51.889656855215691 46.000000000000000
51.000000000000000 46.536354335711572
50.032908490070163 47.000000000000000
50.000000000000000 48.340890977524062
50.000000000000000 49.712700014063380
51.000000000000000 52.023568058569872
51.000000000000000 53.395369465714644
50.183041467206934 54.000000000000000
74.468838789152443 54.000000000000000
73.097040745966154 54.000000000000000
69.847119256326536 52.000000000000000
68.475313583745731 52.000000000000000
66.164453817332756 51.000000000000000
62.914453366992355 49.000000000000000
61.542644330453051 49.000000000000000
57.353643011223120 46.000000000000000
55.042774966716628 45.000000000000000
54.610032567539029 46.000000000000000
53.238231160394250 46.000000000000000
51.866429753249477 46.000000000000000
51.000000000000000 46.538171907277714
50.061885946927113 47.000000000000000
50.000000000000000 48.394912147979014
50.000000000000000 49.855733970372114
51.000000000000000 52.381434823517409
51.000000000000000 53.842248521466274
50.000000000000000 54.238183188662944
50.000000000000000 55.698996886611809
69.782845407720103 52.000000000000000
68.485012712225327 52.000000000000000
66.359945741684243 51.000000000000000
64.234840499205447 50.000000000000000
62.109721315723533 49.000000000000000
59.157333286166001 47.000000000000000
57.032221732078639 46.000000000000000
55.000000000000000 45.112285663278868
54.436539992091795 46.000000000000000
53.138709907297184 46.000000000000000
51.840865881499475 46.000000000000000
51.000000000000000 46.552389540594277
50.072466928591354 47.000000000000000
50.000000000000000 48.481220710938025
51.000000000000000 51.258818578885027
51.000000000000000 52.827627196366336
50.672037181801564 54.000000000000000
50.000000000000000 54.756467589028027
49.730913386577633 56.000000000000000
49.000000000000000 56.685298759371776
66.575194840442947 51.000000000000000
64.612581115935058 50.000000000000000
62.649965305123494 49.000000000000000
61.413901131099976 49.000000000000000
57.998204934895945 46.000000000000000
56.035583580993510 45.000000000000000
55.000000000000000 45.275937301787451
54.289991610945449 46.000000000000000
53.053927436921931 46.000000000000000
51.817850090413003 46.000000000000000
51.000000000000000 46.575621131486400
50.072265749759474 47.000000000000000
50.000000000000000 48.601845978916884
51.000000000000000 51.679518014290835
51.000000000000000 53.380821432720353
50.213796303540015 54.000000000000000
50.000000000000000 55.407046280150837
49.194646381958840 56.000000000000000
48.685124344332401 57.000000000000000
47.449053584066178 57.000000000000000
63.180396017247688 49.000000000000000
61.996019859285006 49.000000000000000
60.177032470703125 48.000000000000000
57.723418592712974 46.000000000000000
55.904423574736555 45.000000000000000
55.000000000000000 45.441134988046315
54.170297748219461 46.000000000000000
52.985921590256773 46.000000000000000
51.801545432294091 46.000000000000000
51.000000000000000 46.603233090591999
50.067419605777005 47.000000000000000
50.000000000000000 48.760043110224473
51.000000000000000 52.202059517554176
50.956630781379630 54.000000000000000
50.000000000000000 54.358869537186663
49.857120000178995 56.000000000000000
49.000000000000000 56.515667534808742
48.122990358964643 57.000000000000000
46.938618015699220 57.000000000000000
46.000000000000000 57.387247122723196
61.432639494938535 49.000000000000000
59.191965210175091 47.000000000000000
57.501047742394924 46.000000000000000
55.810134468958395 45.000000000000000
55.000000000000000 45.602133672757887
54.077579132327976 46.000000000000000
52.936422675874731 46.000000000000000
51.795270413765145 46.000000000000000
51.000000000000000 46.629170976035127
50.062715077134719 47.000000000000000
50.000000000000000 48.961654895671003
51.000000000000000 52.856175365782832
50.487671228764064 54.000000000000000
50.000000000000000 55.188677064322192
49.304876206141394 56.000000000000000
48.713478505023460 57.000000000000000
47.572328340052493 57.000000000000000
46.431170166073812 57.000000000000000
45.839776659266327 58.000000000000000
44.698618485287653 58.000000000000000
58.433833045901260 46.000000000000000
57.328642913641573 46.000000000000000
55.752892015285830 45.000000000000000
55.000000000000000 45.748648848828921
54.013087775651620 46.000000000000000
52.907905272786472 46.000000000000000
51.802715140526807 46.000000000000000
51.000000000000000 46.642762614499546
50.062918305741810 47.000000000000000
51.000000000000000 51.340002497811938
51.000000000000000 53.688622439468119
50.041338121488856 54.000000000000000
49.877288594907668 56.000000000000000
49.000000000000000 56.484303078656907
48.137491760122671 57.000000000000000
47.032305442560265 57.000000000000000
46.000000000000000 57.154878388987768
45.292501202926054 58.000000000000000
44.187314885363648 58.000000000000000
43.552696963291851 59.000000000000000
57.204411518328428 46.000000000000000
55.732955606827247 45.000000000000000
55.000000000000000 45.865225455987826
53.977830516414400 46.000000000000000
52.902307595141458 46.000000000000000
51.826777044473999 46.000000000000000
51.000000000000000 46.628269412100451
50.071651954061153 47.000000000000000
51.000000000000000 52.061214831013189
50.692093338116372 54.000000000000000
50.000000000000000 54.968441303385433
49.332896629231080 56.000000000000000
48.653298274788433 57.000000000000000
47.577767724120960 57.000000000000000
46.502240988150760 57.000000000000000
45.822642633708114 58.000000000000000
44.747115897737913 58.000000000000000
44.000000000000000 58.829479947010796
42.991986992627808 59.000000000000000
42.000000000000000 59.210997107658926
55.751126142870412 45.000000000000000
55.000000000000000 45.924307755182639
53.973247789290987 46.000000000000000
52.921787197852645 46.000000000000000
51.870325270656700 46.000000000000000
51.000000000000000 46.557489135788131
50.092319852408401 47.000000000000000
51.000000000000000 53.029621480039765
50.263830574356533 54.000000000000000
49.862211620509186 56.000000000000000
49.000000000000000 56.582460392258270
48.084202387563636 57.000000000000000
47.032744275064942 57.000000000000000
46.000000000000000 57.057614659939901
45.254737521059056 58.000000000000000
44.203276929620714 58.000000000000000
43.476732102810772 59.000000000000000
42.425270175614820 59.000000000000000
41.698729163502136 60.000000000000000
40.647264757366528 60.000000000000000
55.000000000000000 45.868337912706750
54.001370531719743 46.000000000000000
52.968929949090260 46.000000000000000
51.936495140068835 46.000000000000000
51.000000000000000 46.373657439670154
50.128381916534543 47.000000000000000
50.893255581448550 54.000000000000000
50.000000000000000 54.542070723815357
49.341896896636335 56.000000000000000
48.566218482123482 57.000000000000000
47.533783673102050 57.000000000000000
46.501348864080619 57.000000000000000
45.725670449567758 58.000000000000000
44.693231825849061 58.000000000000000
43.917553411336200 59.000000000000000
42.885118602314769 59.000000000000000
42.000000000000000 59.573761919156851
41.077005378780477 60.000000000000000
40.044570569759045 60.000000000000000
39.000000000000000 59.952757186015447
54.064847424849717 46.000000000000000
53.046816991387523 46.000000000000000
52.028784198620251 46.000000000000000
51.010753765158050 46.000000000000000
51.000000000000000 51.280314928632833
50.500776044619663 54.000000000000000
49.864267941254546 56.000000000000000
49.000000000000000 56.806059511502724
48.018962065376350 57.000000000000000
47.000933087306343 57.000000000000000
46.000000000000000 57.089646972164218
45.155625756035967 58.000000000000000
44.137596777965953 58.000000000000000
43.310323694855036 59.000000000000000
42.292290902087757 59.000000000000000
41.465021633674105 60.000000000000000
40.446987385514639 60.000000000000000
39.238193427698818 59.000000000000000
38.410924159285166 60.000000000000000
37.583652531566429 61.000000000000000
53.158558683897461 46.000000000000000
52.150610680211173 46.000000000000000
51.142661712685914 46.000000000000000
51.000000000000000 52.849295352130525
50.137422200557914 54.000000000000000
49.382137838763285 56.000000000000000
48.500524988800599 57.000000000000000
47.492576985114319 57.000000000000000
46.484628017589053 57.000000000000000
45.603011352929101 58.000000000000000
44.595062385403843 58.000000000000000
43.713445720743891 59.000000000000000
42.705496753218625 59.000000000000000
41.823880088558681 60.000000000000000
40.815932084872394 60.000000000000000
39.681654629179079 59.000000000000000
38.800037964519134 60.000000000000000
37.918421299859183 61.000000000000000
36.910472332333917 61.000000000000000
35.902523364808658 61.000000000000000
52.306280098038116 46.000000000000000
51.304301916846235 46.000000000000000
50.805641441172867 54.000000000000000
49.929491732686301 56.000000000000000
48.990427307849544 57.000000000000000
47.988449126657663 57.000000000000000
46.986474760163048 57.000000000000000
46.000000000000000 57.246421508510934
45.045432154134403 58.000000000000000
44.043457787639788 58.000000000000000
43.104393842800562 59.000000000000000
42.102415661608681 59.000000000000000
41.163355531466721 60.000000000000000
40.161376870277309 60.000000000000000
39.096484452732774 59.000000000000000
38.157424322590813 60.000000000000000
37.218360377751587 61.000000000000000
36.216381716562175 61.000000000000000
35.214403535370295 61.000000000000000
34.149514932523019 60.000000000000000
51.500064494849013 46.000000000000000
50.500064574849013 54.000000000000000
49.500064594848936 56.000000000000000
48.500064604848937 57.000000000000000
47.500064604848937 57.000000000000000
46.500064604848937 57.000000000000000
45.500064614848938 58.000000000000000
44.500064614848938 58.000000000000000
43.500064624848861 59.000000000000000
42.500064624848861 59.000000000000000
41.500064634848862 60.000000000000000
40.500064634848862 60.000000000000000
39.500064624848861 59.000000000000000
38.500064634848783 60.000000000000000
37.500064644848784 61.000000000000000
36.500064644848784 61.000000000000000
35.500064644848784 61.000000000000000
34.500064634848783 60.000000000000000
33.500064624848783 59.000000000000000
32.500064624848712 59.000000000000000
50.230073591799503 54.000000000000000
49.102266937902307 56.000000000000000
48.037378335055038 57.000000000000000
47.035400153863158 57.000000000000000
45.970507736318616 58.000000000000000
44.968533369824002 58.000000000000000
43.903641432276999 59.000000000000000
42.901663251085111 59.000000000000000
41.836770833540577 60.000000000000000
40.834796467045962 60.000000000000000
39.895732522206735 59.000000000000000
38.830840104662194 60.000000000000000
37.765951501814925 61.000000000000000
36.763973320623045 61.000000000000000
35.761995139431157 61.000000000000000
34.822931674589462 60.000000000000000
33.883871544447508 59.000000000000000
32.881893363255621 59.000000000000000
31.942829418416391 58.000000000000000
30.877938908220489 59.000000000000000
48.610785017428789 57.000000000000000
47.602836531823016 57.000000000000000
46.594889010026890 57.000000000000000
45.460612066585711 58.000000000000000
44.452664544789585 58.000000000000000
43.318387601348405 59.000000000000000
42.310440079552279 59.000000000000000
41.176163136111100 60.000000000000000
40.168215614314974 60.000000000000000
39.286595586544607 59.000000000000000
38.152319606913068 60.000000000000000
37.018043627281543 61.000000000000000
36.010095141675770 61.000000000000000
35.002147619879644 61.000000000000000
34.120527592109269 60.000000000000000
33.238908528148542 59.000000000000000
32.230960042542769 59.000000000000000
31.349340978582038 58.000000000000000
30.215064035140866 59.000000000000000
29.207116513344744 59.000000000000000
47.197556076494230 57.000000000000000
45.988760663286229 58.000000000000000
44.970727870518957 58.000000000000000
43.761933912703135 59.000000000000000
42.743904934633122 59.000000000000000
41.535109521425106 60.000000000000000
40.517076728657848 60.000000000000000
39.689805100939111 59.000000000000000
38.481014957820562 60.000000000000000
37.272219544612547 61.000000000000000
36.254186751845275 61.000000000000000
35.236116167072190 61.000000000000000
34.408843413417777 60.000000000000000
33.581570207792112 59.000000000000000
32.563539686214114 59.000000000000000
31.736266480588451 58.000000000000000
30.527473372983472 59.000000000000000
29.509442851405467 59.000000000000000
28.491412329827469 59.000000000000000
27.473379900900834 59.000000000000000
45.533852962348043 58.000000000000000
44.501419132766976 58.000000000000000
43.212230888200956 59.000000000000000
41.923042643634936 60.000000000000000
40.890604999356604 60.000000000000000
40.000000000000000 59.447601362128466
38.825731566616476 60.000000000000000
37.536543322050456 61.000000000000000
36.504107585120749 61.000000000000000
35.471673755539683 61.000000000000000
34.695992433594945 60.000000000000000
33.920311111650193 59.000000000000000
32.887877282069127 59.000000000000000
32.000000000000000 58.436977724924247
30.823005808209729 59.000000000000000
29.790570071280030 59.000000000000000
28.758134282818233 59.000000000000000
27.725698545888534 59.000000000000000
26.693262808958828 59.000000000000000
25.660828979377762 59.000000000000000
43.729247592044182 59.000000000000000
42.677785664848223 59.000000000000000
41.301405494084214 60.000000000000000
40.249943566888263 60.000000000000000
39.523401219017984 59.000000000000000
37.822058153323447 61.000000000000000
36.770596845854762 61.000000000000000
35.719135538386084 61.000000000000000
34.992593712088599 60.000000000000000
34.000000000000000 59.818815357963402
33.214586192049438 59.000000000000000
32.163124884580746 59.000000000000000
31.436578672010274 58.000000000000000
30.060201698067651 59.000000000000000
29.008740390598959 59.000000000000000
27.957279083130281 59.000000000000000
26.905815296737238 59.000000000000000
25.854353989268549 59.000000000000000
24.802894589148501 59.000000000000000
23.751430802755454 59.000000000000000
41.763184352851837 60.000000000000000
40.687658333193816 60.000000000000000
40.000000000000000 59.020350826486904
38.536605974598615 60.000000000000000
37.065157583561415 61.000000000000000
35.989630450589502 61.000000000000000
35.000000000000000 60.783047701296780
34.234503484035997 60.000000000000000
33.554900629791874 59.000000000000000
32.479376517482486 59.000000000000000
31.799773663238380 58.000000000000000
30.328322251538651 59.000000000000000
29.252798139229267 59.000000000000000
28.177271006257342 59.000000000000000
27.101746893947958 59.000000000000000
26.026219760976034 59.000000000000000
24.950692628004120 59.000000000000000
23.875168515694721 59.000000000000000
22.799641382722811 59.000000000000000
21.724131426539049 59.000000000000000
40.081884202552040 60.000000000000000
38.976704959537756 60.000000000000000
37.400961914626031 61.000000000000000
36.295782671611761 61.000000000000000
35.190597931159353 61.000000000000000
34.555978899953026 60.000000000000000
33.921354371308574 59.000000000000000
32.816175128294304 59.000000000000000
32.000000000000000 58.385822053039576
30.605811144827623 59.000000000000000
29.500628311723844 59.000000000000000
28.395445478620069 59.000000000000000
27.290264328257166 59.000000000000000
26.185081495153380 59.000000000000000
25.079902252139114 59.000000000000000
23.974717511686702 59.000000000000000
22.869538268672429 59.000000000000000
21.764354481894337 59.000000000000000
21.000000000000000 58.275702224196230
20.024551663909921 58.000000000000000
37.793370192793162 61.000000000000000
36.652217261694233 61.000000000000000
35.511064330595296 61.000000000000000
34.919667788426764 60.000000000000000
34.000000000000000 59.597112266681798
33.187114120865473 59.000000000000000
32.045961189766537 59.000000000000000
30.904810166016244 59.000000000000000
29.763653040623474 59.000000000000000
28.622502016873177 59.000000000000000
27.481349085774248 59.000000000000000
26.340196154675315 59.000000000000000
25.199045130925018 59.000000000000000
24.057872506520791 59.000000000000000
22.916736981781956 59.000000000000000
21.775584050683026 59.000000000000000
21.000000000000000 58.335035938196533
20.043030383121728 58.000000000000000
18.901879359371431 58.000000000000000
17.760726428272498 58.000000000000000
35.891762723859649 61.000000000000000
35.000000000000000 60.538917961093851
34.157636178906976 60.000000000000000
33.607877832388525 59.000000000000000
32.423504792213883 59.000000000000000
31.873748353044064 58.000000000000000
30.054761646256413 59.000000000000000
28.870386698733146 59.000000000000000
27.686013658558508 59.000000000000000
26.501645460124305 59.000000000000000
25.317270512601034 59.000000000000000
24.132880149572031 59.000000000000000
22.948527366643564 59.000000000000000
21.764138214045349 59.000000000000000
21.000000000000000 58.337835442077946
20.030011750019018 58.000000000000000
18.845652833992993 58.000000000000000
17.661264972760534 58.000000000000000
17.000000000000000 57.175730428613633
16.000000000000000 56.885187968875783
34.607313606236310 60.000000000000000
34.000000000000000 59.134590354311996
32.861720931759336 59.000000000000000
32.000000000000000 58.484754586788583
30.389591101492091 59.000000000000000
29.153525232684157 59.000000000000000
27.917461271224855 59.000000000000000
26.681378560217315 59.000000000000000
25.445331440957617 59.000000000000000
24.209266525823999 59.000000000000000
22.973201610690371 59.000000000000000
21.737136695556753 59.000000000000000
21.000000000000000 58.313279141196602
19.991544021079783 58.000000000000000
18.755479105946165 58.000000000000000
17.519415144486860 58.000000000000000
17.000000000000000 57.013607606149804
16.000000000000000 56.688681024976617
15.264294233829382 56.000000000000000
14.028229318695763 56.000000000000000
33.382968874957754 59.000000000000000
32.085135894418372 59.000000000000000
30.787302913878996 59.000000000000000
29.489471840688253 59.000000000000000
28.191614553451103 59.000000000000000
26.893801475406228 59.000000000000000
25.595969448541165 59.000000000000000
24.298137421676103 59.000000000000000
23.000299083259129 59.000000000000000
21.702467056394077 59.000000000000000
21.000000000000000 58.280323711594484
19.934070734090881 58.000000000000000
18.636238707225829 58.000000000000000
17.338400368808859 58.000000000000000
16.867836073370725 57.000000000000000
16.000000000000000 56.480221532692156
15.099439751067539 56.000000000000000
14.000000000000000 55.760176083494493
13.331037117212446 55.000000000000000
13.000000000000000 53.831339755045178
32.000000000000000 58.224657440978454
29.900114616353797 59.000000000000000
28.528317913502256 59.000000000000000
27.156520256976389 59.000000000000000
25.784729764865457 59.000000000000000
24.412933062013902 59.000000000000000
23.041136359162362 59.000000000000000
21.669338702636495 59.000000000000000
21.000000000000000 58.251959214608789
19.864805700331104 58.000000000000000
18.493008997479564 58.000000000000000
17.121218232335579 58.000000000000000
16.688468830759248 57.000000000000000
16.000000000000000 56.272330912293910
14.883935828453858 56.000000000000000
14.000000000000000 55.480476336496338
13.079442250341529 55.000000000000000
13.000000000000000 53.623777031949324
12.213969816420827 53.000000000000000
11.781228482717935 52.000000000000000
28.953568186245775 59.000000000000000
27.492751503511531 59.000000000000000
26.031933867102975 59.000000000000000
24.571110013577556 59.000000000000000
23.110292377168999 59.000000000000000
21.649475694434756 59.000000000000000
21.000000000000000 58.238098739888684
19.792731316779847 58.000000000000000
18.331900148452835 58.000000000000000
17.000000000000000 57.878939050275520
16.475156566617741 57.000000000000000
16.000000000000000 56.074401762394182
14.618412984782648 56.000000000000000
14.000000000000000 55.208921191892372
13.000000000000000 54.776187555864865
13.000000000000000 53.404383456230043
12.000000000000000 52.971647209566896
11.573875949295758 52.000000000000000
11.000000000000000 51.167105659207309
10.782018026982753 50.000000000000000
26.363953952200085 59.000000000000000
24.795152806855047 59.000000000000000
23.226342439237701 59.000000000000000
21.657541293892663 59.000000000000000
21.000000000000000 58.246126001033524
19.728718419827178 58.000000000000000
18.159906998977814 58.000000000000000
17.000000000000000 57.661730088375819
16.231076754325613 57.000000000000000
15.871056976848452 56.000000000000000
14.302304604680211 56.000000000000000
13.942279000316159 55.000000000000000
13.000000000000000 54.481688126688240
13.000000000000000 53.183848492364163
12.000000000000000 52.713285205699947
11.293399654012644 52.000000000000000
11.000000000000000 50.944884783044309
10.573350704842690 50.000000000000000
10.000000000000000 49.176481025805018
9.853306072775180 48.000000000000000
23.415454705387063 59.000000000000000
21.714163933360794 59.000000000000000
21.000000000000000 58.282802864055320
19.687937532715683 58.000000000000000
17.986638472658996 58.000000000000000
17.000000000000000 57.480768816652031
16.000000000000000 56.971238059362008
15.635423464712725 56.000000000000000
14.000000000000000 55.952139400727475
13.609205022096344 55.000000000000000
13.000000000000000 54.206546289672083
12.959361911954966 53.000000000000000
12.000000000000000 52.460954217040211
11.000000000000000 51.951427833261150
11.000000000000000 50.715359894339088
10.283305609648263 50.000000000000000
10.000000000000000 48.969762795364218
9.633464698449234 48.000000000000000
9.000000000000000 47.224169684308812
9.000000000000000 45.988097757467280
21.000000000000000 58.353532387545215
19.690800471096189 58.000000000000000
17.824536564654565 58.000000000000000
17.000000000000000 57.338890312362253
16.000000000000000 56.789141036752440
15.377208015196057 56.000000000000000
14.000000000000000 55.689629090864102
13.220408782469875 55.000000000000000
13.000000000000000 53.955498072276022
12.639349773485455 53.000000000000000
12.000000000000000 52.221370717079715
11.000000000000000 51.671618145396685
11.000000000000000 50.487243437536158
10.000000000000000 49.937486540059737
10.000000000000000 48.753112343295328
9.320442083386661 48.000000000000000
9.000000000000000 47.018984988099028
9.000000000000000 45.834610791334619
9.000000000000000 44.650232779872944
8.158330314819528 44.000000000000000
17.692239941877833 58.000000000000000
17.000000000000000 57.239411258874256
16.000000000000000 56.648072138861195
15.103091975768509 56.000000000000000
14.000000000000000 55.465278869016053
13.000000000000000 54.873878484932241
13.000000000000000 53.732725724604641
12.257075168216163 53.000000000000000
12.000000000000000 52.000172981172099
11.000000000000000 51.408775912502648
11.000000000000000 50.267623217711083
10.000000000000000 49.676226550020488
10.000000000000000 48.535073920764951
9.000000000000000 47.943673405609076
9.000000000000000 46.802520776353539
9.000000000000000 45.661368016025946
9.000000000000000 44.520211572073137
8.000000000000000 43.928815002686591
8.000000000000000 42.787662242358998
8.000000000000000 41.646509482031398
16.000000000000000 56.551310299666824
14.822961463174277 56.000000000000000
14.000000000000000 55.282076561439865
13.000000000000000 54.647457784977753
13.000000000000000 53.542271988750961
12.000000000000000 52.907656914794217
11.580231562982545 52.000000000000000
11.000000000000000 51.167852036925652
11.000000000000000 50.062666283596357
10.000000000000000 49.428051283535304
10.000000000000000 48.322865900078789
9.000000000000000 47.688247123616677
9.000000000000000 46.583065142087150
9.000000000000000 45.477879345860359
9.000000000000000 44.372693661825458
8.000000000000000 43.738074885363353
8.000000000000000 42.632893016025719
8.000000000000000 41.527707107607036
8.000000000000000 40.422521423572142
8.000000000000000 39.317339554234508
14.000000000000000 55.143388145694651
13.000000000000000 54.463790311789595
13.000000000000000 53.388262434737449
12.000000000000000 52.708664711267417
11.073414255063382 52.000000000000000
11.000000000000000 50.953535526955719
10.691884613692938 50.000000000000000
10.000000000000000 49.198410462563075
10.000000000000000 48.122882920159377
9.000000000000000 47.443285086254321
9.000000000000000 46.367757543850622
9.000000000000000 45.292230001446924
9.000000000000000 44.216702364646203
8.000000000000000 43.537104625138170
8.000000000000000 42.461576988337448
8.000000000000000 41.386049351536727
8.000000000000000 40.310518088832787
8.000000000000000 39.234990452032065
8.000000000000000 38.159463004025383
9.000000000000000 36.688005564328996
13.000000000000000 53.274891971489851
12.000000000000000 52.548350852460366
11.000000000000000 51.821809733430882
11.000000000000000 50.770348268584932
10.134822690581686 50.000000000000000
10.000000000000000 48.992345762177465
9.818051334587501 48.000000000000000
9.000000000000000 47.214343178302030
9.000000000000000 46.162877976226774
9.000000000000000 45.111416511380831
9.000000000000000 44.059951231837616
8.000000000000000 43.333410190276091
8.000000000000000 42.281948647962189
8.000000000000000 41.230484511165884
8.000000000000000 40.179020813122435
8.000000000000000 39.127555585876117
8.000000000000000 38.076094173327064
9.000000000000000 36.699704704112300
9.000000000000000 35.648245681805832
9.000000000000000 34.596777754445029
11.000000000000000 51.655522281881019
11.000000000000000 50.623086341191808
10.000000000000000 49.847408688734689
10.000000000000000 48.814972686829549
9.153042941716388 48.000000000000000
9.000000000000000 47.006859032467297
9.000000000000000 45.974419338296748
9.000000000000000 44.941983336391608
8.647713165288465 44.000000000000000
8.000000000000000 43.133869682029356
8.000000000000000 42.101433802556073
8.000000000000000 41.068997923082797
8.000000000000000 40.036561921177650
8.000000000000000 39.004126041704367
9.000000000000000 37.714931812783057
9.000000000000000 36.682492118612508
9.000000000000000 35.650056116707368
9.000000000000000 34.617620237234085
8.000000000000000 33.841942462345116
8.000000000000000 32.809506582871833
10.000000000000000 49.689327520815226
10.000000000000000 48.671293587955120
9.000000000000000 47.844027462922853
9.000000000000000 46.825992937670463
9.000000000000000 45.807962136151716
9.000000000000000 44.789927610899326
8.000000000000000 43.962657671169794
8.000000000000000 42.944626960614677
8.000000000000000 41.926592435362295
8.000000000000000 40.908561633843533
8.000000000000000 39.890527108591151
8.000000000000000 38.872492583338769
9.000000000000000 37.663697196297150
9.000000000000000 36.645662671044775
9.000000000000000 35.627631960489651
9.000000000000000 34.609597435237276
8.000000000000000 33.782327495507744
8.000000000000000 32.764296693988982
6.669890270419145 32.000000000000000
4.000000000000000 31.491289800272884
9.000000000000000 47.685270447204772
9.000000000000000 46.677325768688860
9.000000000000000 45.669376854435171
9.000000000000000 44.661427940181483
8.000000000000000 43.779810903761984
8.000000000000000 42.771861989508288
8.000000000000000 41.763913075254592
8.000000000000000 40.755964161000897
8.000000000000000 39.748019001204739
8.000000000000000 38.740070086951043
9.000000000000000 37.605789294863143
9.000000000000000 36.597840380609455
9.000000000000000 35.589891466355766
9.000000000000000 34.581946306559601
8.000000000000000 33.700329270140102
8.000000000000000 32.692380355886407
5.502067065119964 32.000000000000000
4.000000000000000 31.181810038715813
4.000000000000000 30.173863031810750
6.000000000000000 28.913250361888661
9.000000000000000 45.564576671623982
9.000000000000000 44.562598049859787
8.000000000000000 43.623537366394956
8.000000000000000 42.621562559328034
8.000000000000000 41.619583937563853
8.000000000000000 40.617605315799665
8.000000000000000 39.615630538734344
8.000000000000000 38.613651916970156
9.000000000000000 37.548755386908212
9.000000000000000 36.546780609842898
9.000000000000000 35.544801988078703
9.000000000000000 34.542823366314522
8.000000000000000 33.603766497546950
8.000000000000000 32.601787875782762
4.000000000000000 31.851480887209583
4.000000000000000 30.849504202795625
7.000000000000000 29.658773763486817
6.000000000000000 28.719713050020385
6.000000000000000 27.717736335604830
6.000000000000000 26.715759651190876
8.000000000000000 43.500070570213211
8.000000000000000 42.500070570202297
8.000000000000000 41.500070570193202
8.000000000000000 40.500070570182288
8.000000000000000 39.500070570171374
8.000000000000000 38.500070570162279
9.000000000000000 37.500066755454100
9.000000000000000 36.500066755445005
9.000000000000000 35.500066755434091
9.000000000000000 34.500066755424996
8.000000000000000 33.500070570111347
8.000000000000000 32.500070570100434
4.000000000000000 31.500105856945083
4.000000000000000 30.500105856939626
7.000000000000000 29.500100134889180
6.000000000000000 28.500102042232356
6.000000000000000 27.500102042227809
6.000000000000000 26.500102042222352
6.000000000000000 25.500102042216895
6.000000000000000 24.500102042212347
8.000000000000000 41.412192655524819
8.000000000000000 40.410218660344505
8.000000000000000 39.408240880464852
8.000000000000000 38.406263070587272
9.000000000000000 37.467195524466213
9.000000000000000 36.465217714588633
9.000000000000000 35.463243719408311
9.000000000000000 34.461265939528666
8.000000000000000 33.396377895892485
8.000000000000000 32.394429674484435
4.000000000000000 31.140803165098852
4.000000000000000 30.138825235225873
7.000000000000000 29.325585677334828
6.000000000000000 28.260695602583699
6.000000000000000 27.258719610058204
6.000000000000000 26.256741680185225
6.000000000000000 25.254765657660879
6.000000000000000 24.252787757786752
6.000000000000000 23.250811735262406
6.000000000000000 22.248833835388275
8.000000000000000 39.347557157994139
8.000000000000000 38.339609395884864
9.000000000000000 37.457989605876151
9.000000000000000 36.450041843766876
9.000000000000000 35.442094021419720
9.000000000000000 34.434146319548319
8.000000000000000 33.299842411678156
4.000000000000000 31.786590692145591
4.000000000000000 30.778643170985045
7.000000000000000 30.149673798603519
7.000000000000000 29.141726277442974
6.000000000000000 28.007452706689428
6.000000000000000 26.999505185528882
6.000000000000000 25.991557664368340
6.000000000000000 24.983610143207795
6.000000000000000 23.975662561810296
6.000000000000000 22.967715100886707
6.000000000000000 21.959767519489208
5.000000000000000 20.825493948735662
4.000000000000000 19.691220377982109
9.000000000000000 37.480694831179903
9.000000000000000 36.462658981895572
9.000000000000000 35.444630762005772
9.000000000000000 34.426598636458849
8.000000000000000 33.217809968520534
4.000000000000000 31.436751400528482
4.000000000000000 30.418721182330195
7.000000000000000 29.972959047796870
6.000000000000000 28.764170379858555
6.000000000000000 27.746140161660264
6.000000000000000 26.728108127073199
6.000000000000000 25.710076092486133
6.000000000000000 24.692045874287842
6.000000000000000 23.674013839700777
6.000000000000000 22.655981805113711
6.000000000000000 21.637951586915420
5.000000000000000 20.429162918977106
4.000000000000000 19.220374251038795
3.000000000000000 18.011585492140629
4.000000000000000 17.184319730136597
9.000000000000000 35.479878954430220
9.000000000000000 34.447443465667895
8.000000000000000 33.158254067524830
4.000000000000000 31.098803063669347
4.000000000000000 30.066367574907023
7.000000000000000 29.804195721635558
6.000000000000000 28.515006445922300
6.000000000000000 27.482570957159975
6.000000000000000 26.450135468397651
6.000000000000000 25.417700102065130
6.000000000000000 24.385264613302805
6.000000000000000 23.352829803552655
6.000000000000000 22.320394421503028
6.000000000000000 21.287958917023566
4.000000000000000 19.742015467381787
3.000000000000000 18.452826051536082
4.000000000000000 17.677138149623595
4.000000000000000 16.644703843677647
5.000000000000000 15.869021633246323
5.000000000000000 14.836586434840743
4.000000000000000 31.830235392774004
4.000000000000000 30.778774550100767
4.839253252513187 30.000000000000000
7.000000000000000 29.650599259849066
6.000000000000000 28.274222693924546
6.000000000000000 27.222761696319495
6.000000000000000 26.171300698714440
6.000000000000000 25.119839701109388
6.000000000000000 24.068378858436152
6.000000000000000 23.016917860831100
6.000000000000000 21.965456863226045
5.000000000000000 20.589080297301525
3.000000000000000 18.887788240523442
3.503739349666007 18.000000000000000
4.000000000000000 17.109788825271004
4.000000000000000 16.058327517801359
5.000000000000000 15.331782781402737
5.000000000000000 14.280321551399243
6.000000000000000 13.553776815000621
7.000000000000000 12.827232078601998
7.000000000000000 30.595867916836678
7.000000000000000 29.520340162605741
6.000000000000000 28.048889427845431
6.000000000000000 26.973363769754823
6.000000000000000 25.897838111664218
6.000000000000000 24.822312264781910
6.000000000000000 23.746784699342669
6.000000000000000 22.671259041252064
6.000000000000000 21.595733194369757
4.000000000000000 19.728357760523142
3.000000000000000 18.256899879180704
4.000000000000000 17.577305301875914
4.000000000000000 16.501778690110989
5.000000000000000 15.822177825502537
5.000000000000000 14.746651288311982
5.830648596499144 14.000000000000000
6.021408557741757 13.000000000000000
7.000000000000000 12.311922970062522
8.928655576334599 12.000000000000000
11.645162794262566 12.000000000000000
6.000000000000000 27.846929889474694
6.000000000000000 26.741748772253750
6.000000000000000 25.636565747684173
6.000000000000000 24.531382723114593
6.000000000000000 23.426202906168228
6.000000000000000 22.321019604424944
5.000000000000000 20.745274951357224
3.000000000000000 18.698963131531283
3.863265243562009 18.000000000000000
4.000000000000000 16.959159237536056
4.310315954376788 16.000000000000000
5.000000000000000 15.219356207721878
5.000000000000000 14.114173536224227
6.000000000000000 13.479552309125147
7.000000000000000 12.844931138121245
7.553066511916906 12.000000000000000
9.901716124664624 12.000000000000000
12.250365498993764 12.000000000000000
14.000000000000000 11.718126771852813
14.822541122859640 11.000000000000000
6.000000000000000 25.395358045102938
6.000000000000000 24.254206909221583
6.000000000000000 23.113054215223301
6.000000000000000 21.971903282468752
4.000000000000000 19.731261161247197
3.000000000000000 18.040352877906532
4.000000000000000 17.448951875501518
4.000000000000000 16.307800811676341
5.000000000000000 15.716400053323399
5.000000000000000 14.575256503799837
6.000000000000000 13.983856052009333
6.286121354176329 13.000000000000000
7.000000000000000 12.251297798173523
8.618650520640220 12.000000000000000
11.000000000000000 12.168000945662005
12.770166132823563 12.000000000000000
14.000000000000000 11.534951064093057
15.000000000000000 10.943550343689736
15.000000000000000 9.802399494560200
15.616190962122159 9.000000000000000
6.000000000000000 22.814883571739877
5.000000000000000 20.995897335694352
3.000000000000000 18.542296578452966
4.000000000000000 17.992539384799169
4.000000000000000 16.808167669949508
4.592805319930413 16.000000000000000
5.000000000000000 15.074039942076203
5.173856244123764 14.000000000000000
6.000000000000000 13.339912138550950
7.000000000000000 12.790155020549097
7.621190668479753 12.000000000000000
9.487468689222471 12.000000000000000
11.353751995190287 12.000000000000000
13.220035062739521 12.000000000000000
14.000000000000000 11.310605649542493
15.000000000000000 10.760850751793777
15.000000000000000 9.576475239672671
15.957897294652440 9.000000000000000
16.248419203774919 8.000000000000000
18.000000000000000 7.927203251735287
3.152844545152596 18.000000000000000
4.000000000000000 17.379425279250938
4.000000000000000 16.143359663545592
5.000000000000000 15.633831951827281
5.000000000000000 14.397767636236519
6.000000000000000 13.888240878192526
6.478742488704199 13.000000000000000
7.000000000000000 12.142647897209137
8.504968804815913 12.000000000000000
11.000000000000000 12.576668454966727
11.907587211985422 12.000000000000000
13.608895511063659 12.000000000000000
14.000000000000000 11.048084618263893
15.000000000000000 10.538553941734911
15.000000000000000 9.302488863519180
16.000000000000000 8.792965739604274
16.609877886085417 8.000000000000000
18.000000000000000 7.773907572243212
18.636110052833974 7.000000000000000
21.713812813342649 8.000000000000000
4.657786658339442 16.000000000000000
5.000000000000000 14.985268612934732
5.377827946864558 14.000000000000000
6.000000000000000 13.216869110393965
7.000000000000000 12.746302867212744
7.666689360891466 12.000000000000000
9.235510279418751 12.000000000000000
11.000000000000000 12.161870243805062
12.373149052026321 12.000000000000000
13.941972558163451 12.000000000000000
14.301996532031996 11.000000000000000
15.000000000000000 10.279605167820941
15.022035512400745 9.000000000000000
16.000000000000000 8.511204852299063
16.950876389544639 8.000000000000000
18.000000000000000 7.570077038598986
18.879716978488027 7.000000000000000
21.657338614453622 8.000000000000000
32.896568407376030 16.000000000000000
33.256580588507560 15.000000000000000
6.000000000000000 13.881472816039073
6.522149936108312 13.000000000000000
7.000000000000000 12.076931263099791
8.378902182556727 12.000000000000000
9.839727435050026 12.000000000000000
11.300552656596944 12.000000000000000
12.761375031700583 12.000000000000000
14.000000000000000 11.791341680988598
14.618129622736509 11.000000000000000
15.000000000000000 9.986804237857061
15.409978948940703 9.000000000000000
16.000000000000000 8.182265504360760
17.266724480659914 8.000000000000000
18.000000000000000 7.316789411178439
19.123475123135709 7.000000000000000
21.649197031974563 8.000000000000000
30.564308403506434 15.000000000000000
33.000000000000000 15.915448836190981
33.485964586675529 15.000000000000000
34.946789331385283 15.000000000000000
7.591967385044001 12.000000000000000
8.963773102461168 12.000000000000000
11.000000000000000 12.707532302193329
11.707386486819226 12.000000000000000
13.079186290165469 12.000000000000000
14.000000000000000 11.519748532868821
14.883733548393348 11.000000000000000
15.000000000000000 9.663002377171361
15.749201002778097 9.000000000000000
16.181943441616450 8.000000000000000
17.553742845761111 8.000000000000000
18.000000000000000 7.014397244854056
19.358286202895044 7.000000000000000
21.669157043283885 8.000000000000000
23.980034975045044 9.000000000000000
30.986251829355389 15.000000000000000
33.000000000000000 15.683595022761715
33.729863322298087 15.000000000000000
35.101667891203704 15.000000000000000
36.473472460109328 15.000000000000000
11.000000000000000 12.320170221494992
12.032967438674600 12.000000000000000
13.330813381335011 12.000000000000000
14.000000000000000 11.240101865049944
15.000000000000000 10.880069700947047
15.000000000000000 9.311268259814646
16.000000000000000 8.951244773984190
16.510896970816599 8.000000000000000
17.808735594130304 8.000000000000000
18.279298493780942 7.000000000000000
19.577137729702855 7.000000000000000
21.702254058332091 8.000000000000000
23.827371735112198 9.000000000000000
30.088874907945964 15.000000000000000
32.213992190249520 16.000000000000000
33.000000000000000 15.381306322373696
33.982394325822078 15.000000000000000
35.280234712656586 15.000000000000000
36.578072797665904 15.000000000000000
37.875925190767553 15.000000000000000
13.518511106815136 12.000000000000000
14.028035321088236 11.000000000000000
15.000000000000000 10.636491518060229
15.047075546712540 9.000000000000000
16.000000000000000 8.610284592697829
16.792669782559841 8.000000000000000
18.000000000000000 7.960443150992521
18.538263784943428 7.000000000000000
19.774334701665424 7.000000000000000
21.736952061766264 8.000000000000000
22.973026006529313 8.000000000000000
29.294929287949994 15.000000000000000
30.530999550074394 15.000000000000000
32.493645083701928 16.000000000000000
33.003141027997508 15.000000000000000
34.239211897351410 15.000000000000000
35.475272549206345 15.000000000000000
36.711343859741028 15.000000000000000
37.947415170275704 15.000000000000000
39.183483880572524 15.000000000000000
15.000000000000000 10.405652999238027
15.292315493432076 9.000000000000000
16.000000000000000 8.248859475452136
17.026444259476655 8.000000000000000
18.000000000000000 7.667802169714218
18.760573025521236 7.000000000000000
19.944949628635332 7.000000000000000
21.763949915402289 8.000000000000000
22.948326215904089 8.000000000000000
28.575070722874329 15.000000000000000
29.759447023376126 15.000000000000000
30.943823323877925 15.000000000000000
32.762823913257186 16.000000000000000
33.312576227493814 15.000000000000000
34.496952527995610 15.000000000000000
35.681329433721999 15.000000000000000
36.865705734223802 15.000000000000000
38.050082034725598 15.000000000000000
39.234458335227394 15.000000000000000
41.053458621994359 16.000000000000000
16.069589634494371 8.000000000000000
17.210744636099655 8.000000000000000
18.000000000000000 7.359900989288253
18.943297184917789 7.000000000000000
21.000000000000000 8.665360229628845
21.775366812015239 8.000000000000000
22.916521813620523 8.000000000000000
27.905995136108302 15.000000000000000
29.047126758678679 15.000000000000000
30.188280973847551 15.000000000000000
31.879194248903630 16.000000000000000
33.000000000000000 15.962971981175706
33.611752005022119 15.000000000000000
34.752908795947199 15.000000000000000
35.894063155232772 15.000000000000000
37.035218038809219 15.000000000000000
38.176372922385667 15.000000000000000
39.317527281671225 15.000000000000000
41.008440999992878 16.000000000000000
42.699356625663164 17.000000000000000
18.000000000000000 7.046607019444881
19.083253222502520 7.000000000000000
21.000000000000000 8.724640133281746
21.764192394111937 8.000000000000000
22.869393605834411 8.000000000000000
27.268563679137788 15.000000000000000
28.373748907717140 15.000000000000000
29.478934585066305 15.000000000000000
30.584127692641687 15.000000000000000
32.159882987098577 16.000000000000000
33.000000000000000 15.436707405010736
33.899684143915167 15.000000000000000
35.004869926853026 15.000000000000000
36.110057168369472 15.000000000000000
37.215242951307332 15.000000000000000
38.320428285475138 15.000000000000000
39.425613619642952 15.000000000000000
41.001368914099842 16.000000000000000
42.577123759786673 17.000000000000000
49.799712743701846 30.000000000000000
21.000000000000000 8.887940574565057
21.723964705820254 8.000000000000000
22.799492785259940 8.000000000000000
26.646546031080458 15.000000000000000
27.722074875399347 15.000000000000000
28.797603719718232 15.000000000000000
29.873132564037114 15.000000000000000
30.948661785946236 15.000000000000000
32.420122687622495 16.000000000000000
33.099719474584006 15.000000000000000
34.175248318902895 15.000000000000000
35.250777163221784 15.000000000000000
36.326306007540673 15.000000000000000
37.401834851859554 15.000000000000000
38.477364073768676 15.000000000000000
39.552892918087558 15.000000000000000
41.024353819763824 16.000000000000000
42.495814721440091 17.000000000000000
48.718460311404861 30.000000000000000
49.794080703631742 30.000000000000000
22.699816050989451 8.000000000000000
26.025749684410062 15.000000000000000
27.077213314179652 15.000000000000000
28.128676943949241 15.000000000000000
29.180138976242105 15.000000000000000
30.231604823232228 15.000000000000000
31.607990787621631 16.000000000000000
32.659454417391224 16.000000000000000
33.385994115064271 15.000000000000000
34.437458054705765 15.000000000000000
35.488921684475351 15.000000000000000
36.540385314244944 15.000000000000000
37.591849253886437 15.000000000000000
38.643313193527931 15.000000000000000
39.694776823297524 15.000000000000000
41.071162787686923 16.000000000000000
42.447552876645503 17.000000000000000
47.723030054528145 30.000000000000000
48.774495591646378 30.000000000000000
49.825957314067317 30.000000000000000
26.425561572234113 15.000000000000000
27.457998340170079 15.000000000000000
28.490437015454678 15.000000000000000
29.522874028256368 15.000000000000000
30.555310796192330 15.000000000000000
31.844507886764845 16.000000000000000
32.876944654700807 16.000000000000000
33.652621100000225 15.000000000000000
34.685057867936194 15.000000000000000
35.717494635872157 15.000000000000000
36.749931403808127 15.000000000000000
37.782368171744089 15.000000000000000
38.814804939680052 15.000000000000000
39.847300207276668 15.000000000000000
41.136499756797832 16.000000000000000
42.425699306318990 17.000000000000000
46.796046358085050 30.000000000000000
47.828483615752468 30.000000000000000
48.860921118287486 30.000000000000000
49.893358375954904 30.000000000000000
27.790548121958263 15.000000000000000
28.808579213720602 15.000000000000000
29.826613938252837 15.000000000000000
30.844646937363809 15.000000000000000
32.053444432674240 16.000000000000000
33.000000000000000 15.625310972203721
33.898745570841974 15.000000000000000
34.916778569952946 15.000000000000000
35.934811387136541 15.000000000000000
36.952844386247513 15.000000000000000
37.970877203431108 15.000000000000000
38.988911927963343 15.000000000000000
40.197707697852522 16.000000000000000
41.215742422384750 16.000000000000000
42.424538192273928 17.000000000000000
45.922513732455059 30.000000000000000
46.940544824217397 30.000000000000000
47.958579548749626 30.000000000000000
48.976610640511964 30.000000000000000
49.994645365044200 30.000000000000000
29.083363070291703 15.000000000000000
30.091312474077366 15.000000000000000
31.225595618443837 16.000000000000000
32.233543114880867 16.000000000000000
33.115156629774376 15.000000000000000
34.123106033560035 15.000000000000000
35.131055316864341 15.000000000000000
36.138949456316702 15.000000000000000
37.146894683962856 15.000000000000000
38.154843846785809 15.000000000000000
39.162792889129229 15.000000000000000
40.297073870025400 16.000000000000000
41.305023032848347 16.000000000000000
42.439300199047260 17.000000000000000
45.089564563056008 30.000000000000000
46.097513605399428 30.000000000000000
47.105462768222381 30.000000000000000
48.113407995868535 30.000000000000000
49.121357158691481 30.000000000000000
50.129306201034900 30.000000000000000
30.316209156895432 15.000000000000000
31.381103777661785 16.000000000000000
32.383082487543092 16.000000000000000
33.322141411838928 15.000000000000000
34.324118214371609 15.000000000000000
35.326096864249756 15.000000000000000
36.328071759433797 15.000000000000000
37.330050469315104 15.000000000000000
38.332029179196425 15.000000000000000
39.334004014377300 15.000000000000000
40.398900602495445 16.000000000000000
41.400879312376759 16.000000000000000
42.465772025794479 17.000000000000000
43.971093761570501 25.000000000000000
45.287661862636007 30.000000000000000
46.289636757820055 30.000000000000000
47.291615407698202 30.000000000000000
48.293594117579509 30.000000000000000
49.295569012763551 30.000000000000000
50.297547722644865 30.000000000000000
31.499925615040411 16.000000000000000
32.499925615054963 16.000000000000000
33.499921800375887 15.000000000000000
34.499921800390439 15.000000000000000
35.499921800404991 15.000000000000000
36.499921800419543 15.000000000000000
37.499921800434095 15.000000000000000
38.499921800448647 15.000000000000000
39.499921800466836 15.000000000000000
40.499925615178654 16.000000000000000
41.499925615193206 16.000000000000000
42.499929429905023 17.000000000000000
43.499959947497700 25.000000000000000
44.499979021002218 30.000000000000000
45.499979021016770 30.000000000000000
46.499979021031322 30.000000000000000
47.499979021045874 30.000000000000000
48.499979021060426 30.000000000000000
49.499979021074978 30.000000000000000
50.499979021093168 30.000000000000000
32.581179354442973 16.000000000000000
33.646067278087401 15.000000000000000
34.648045027969111 15.000000000000000
35.650022717854952 15.000000000000000
36.651996593043513 15.000000000000000
37.653974342925231 15.000000000000000
38.655952032811058 15.000000000000000
39.657929782692776 15.000000000000000
40.596993424122751 16.000000000000000
41.598971174004468 16.000000000000000
42.538038630131709 17.000000000000000
43.036734449948838 25.000000000000000
44.000000000000000 25.615356159366570
44.726134906226171 30.000000000000000
45.728112656107875 30.000000000000000
46.730090345993716 30.000000000000000
47.732068095875420 30.000000000000000
48.734041971063995 30.000000000000000
49.736019660949829 30.000000000000000
50.737997410831539 30.000000000000000
33.757572052001429 15.000000000000000
34.765522966202390 15.000000000000000
35.773470186178159 15.000000000000000
36.781417285681854 15.000000000000000
37.789364385185550 15.000000000000000
38.797311484689246 15.000000000000000
39.805258584192934 15.000000000000000
40.686881677083271 16.000000000000000
41.694828776586967 16.000000000000000
42.576451749005223 17.000000000000000
42.700129958910836 24.000000000000000
43.581752931329092 25.000000000000000
44.000000000000000 29.668150451053123
44.966026494909286 30.000000000000000
45.973973714885055 30.000000000000000
46.981920814388751 30.000000000000000
47.989867913892446 30.000000000000000
48.997815013396142 30.000000000000000
50.005762112899845 30.000000000000000
51.013709332875614 30.000000000000000
34.848650460495051 15.000000000000000
35.866682204851465 15.000000000000000
36.884714131127495 15.000000000000000
37.902745875483916 15.000000000000000
38.920773805143071 15.000000000000000
39.938809546116367 15.000000000000000
40.766080935024213 16.000000000000000
41.784112679380634 16.000000000000000
42.611387882985753 17.000000000000000
42.294124024002691 24.000000000000000
43.121399227607817 25.000000000000000
44.000000000000000 25.730936781591225
44.203680194483773 30.000000000000000
45.221711938840187 30.000000000000000
46.239743683196600 30.000000000000000
47.257771612855755 30.000000000000000
48.275807353829052 30.000000000000000
49.293835283488207 30.000000000000000
50.311867027844627 30.000000000000000
51.329898954120651 30.000000000000000
35.925620770506384 15.000000000000000
36.958053005199730 15.000000000000000
37.990489054590348 15.000000000000000
39.022921289283701 15.000000000000000
40.000000000000000 15.215607964700496
40.831039602413576 16.000000000000000
41.863475651804194 16.000000000000000
42.639157915543450 17.000000000000000
42.000000000000000 23.510590668120756
42.906776402948687 24.000000000000000
43.682462481385208 25.000000000000000
44.000000000000000 27.784415235254784
44.463580910698660 30.000000000000000
45.496016960089285 30.000000000000000
46.528449194782638 30.000000000000000
47.560885244173249 30.000000000000000
48.593317478866602 30.000000000000000
49.625753528257228 30.000000000000000
50.658185762950581 30.000000000000000
51.690621812341199 30.000000000000000
36.996303852537601 15.000000000000000
38.047764230415389 15.000000000000000
39.099224608293170 15.000000000000000
40.000000000000000 15.463767546793690
40.877230415456545 16.000000000000000
41.928690793334333 16.000000000000000
42.655239727453548 17.000000000000000
41.757206695414531 23.000000000000000
42.483751814836481 24.000000000000000
43.210296624394793 25.000000000000000
44.000000000000000 25.805616405178995
44.000000000000000 29.041720766628316
44.740100536158081 30.000000000000000
45.791561223899507 30.000000000000000
46.843021601777288 30.000000000000000
47.894486104215972 30.000000000000000
48.945946482093767 30.000000000000000
49.997407169835185 30.000000000000000
51.048867857576603 30.000000000000000
52.100328235454391 30.000000000000000
38.069274741671045 15.000000000000000
39.144798228874222 15.000000000000000
40.000000000000000 15.556482486782357
40.899927392680965 16.000000000000000
41.975454694581408 16.000000000000000
42.655053119373662 17.000000000000000
41.355032312307728 23.000000000000000
42.034634551797240 24.000000000000000
43.000000000000000 24.278238463869485
43.789760278489922 25.000000000000000
44.000000000000000 27.185484350852377
44.000000000000000 29.901978081939703
45.036714190188938 30.000000000000000
46.112241114506176 30.000000000000000
47.187768038823414 30.000000000000000
48.263295340723857 30.000000000000000
49.338978135821264 30.000000000000000
50.414503927392815 30.000000000000000
51.490029341385060 30.000000000000000
52.565554944166955 30.000000000000000
39.153583702803189 15.000000000000000
40.000000000000000 15.549914871189301
40.893387616608074 16.000000000000000
41.998570199138818 16.000000000000000
42.633191979171087 17.000000000000000
40.915032634894608 23.000000000000000
42.000000000000000 23.042952082855081
42.654836997457615 24.000000000000000
43.289458328731769 25.000000000000000
44.000000000000000 25.838667624736729
44.000000000000000 28.187328459628816
44.252213507923429 30.000000000000000
45.357396090454166 30.000000000000000
46.462574409529530 30.000000000000000
47.567756992060261 30.000000000000000
48.672939574590991 30.000000000000000
49.778114527727197 30.000000000000000
50.883297110257935 30.000000000000000
51.988479468409608 30.000000000000000
53.564218814362505 29.000000000000000
40.000000000000000 15.470798184236429
40.850222078061599 16.000000000000000
41.991372283407081 16.000000000000000
42.582772576903736 17.000000000000000
40.425427125853538 23.000000000000000
41.566573516501762 23.000000000000000
42.157978148978060 24.000000000000000
43.000000000000000 24.544117148318520
43.890528647820197 25.000000000000000
44.000000000000000 26.876634002502129
44.000000000000000 28.952416832608961
44.565245435380064 30.000000000000000
45.706391944057600 30.000000000000000
46.847546082129661 30.000000000000000
47.988692328666147 30.000000000000000
49.129846466738208 30.000000000000000
50.270992975415737 30.000000000000000
51.412146851346755 30.000000000000000
53.103042710589627 29.000000000000000
54.244196848661687 29.000000000000000
40.762007130617256 16.000000000000000
41.946357494224920 16.000000000000000
42.496114468451296 17.000000000000000
40.000000000000000 22.799599859334172
41.057169838489735 23.000000000000000
42.000000000000000 23.380647349048502
42.791300733204828 24.000000000000000
43.341221729156238 25.000000000000000
44.000000000000000 25.828209876742577
44.000000000000000 27.694504286688158
44.000000000000000 29.560798696633725
44.905646793700484 30.000000000000000
46.090015194418058 30.000000000000000
47.274383292530267 30.000000000000000
48.458751693247848 30.000000000000000
49.643119791360043 30.000000000000000
50.827487889472245 30.000000000000000
52.011856138887140 30.000000000000000
53.830833853882943 29.000000000000000
55.015209581389684 29.000000000000000
41.853798550365852 16.000000000000000
42.363325560927592 17.000000000000000
43.000000000000000 17.824998651527800
40.476248822891101 23.000000000000000
41.712162718612731 23.000000000000000
42.221677780485251 24.000000000000000
43.000000000000000 24.630035384911146
43.967273284589119 25.000000000000000
44.000000000000000 26.656254352486798
44.000000000000000 28.357564395661328
44.042774196534005 30.000000000000000
45.278840995593683 30.000000000000000
46.514908141093905 30.000000000000000
47.750967310759052 30.000000000000000
48.987034283038994 30.000000000000000
50.223101255318944 30.000000000000000
51.459169756918676 30.000000000000000
53.421775257884391 29.000000000000000
54.657842025481408 29.000000000000000
56.620439550612105 28.000000000000000
42.171547442838964 17.000000000000000
43.000000000000000 17.567385105847698
40.000000000000000 22.762618482623694
41.101453511307071 23.000000000000000
42.000000000000000 23.482636728430336
42.869842311282333 24.000000000000000
43.340424137549732 25.000000000000000
44.000000000000000 25.771524819737841
44.000000000000000 27.340337398196382
44.000000000000000 28.909159144324136
44.395417011118795 30.000000000000000
45.693247727042156 30.000000000000000
46.991078442965510 30.000000000000000
48.288909356124087 30.000000000000000
49.586740072047441 30.000000000000000
50.884570787970794 30.000000000000000
53.009673818596880 29.000000000000000
54.307504337285010 29.000000000000000
56.432599738516565 28.000000000000000
57.730430651675135 28.000000000000000
43.000000000000000 17.294245470370640
39.952820483047617 22.000000000000000
40.385561819029405 23.000000000000000
41.757354177535049 23.000000000000000
42.190095513516830 24.000000000000000
43.000000000000000 24.598361343910980
43.994628755804506 25.000000000000000
44.000000000000000 26.455104300846251
44.000000000000000 27.915920769738499
44.000000000000000 29.376745124722824
44.786529765590288 30.000000000000000
46.158330023117848 30.000000000000000
47.530130280645423 30.000000000000000
48.901920760449180 30.000000000000000
50.273720958593188 30.000000000000000
51.645521156737175 30.000000000000000
53.956380761707671 29.000000000000000
56.267239918899982 28.000000000000000
57.639032487649438 28.000000000000000
59.949898279192830 27.000000000000000
39.137994763421368 22.000000000000000
40.000000000000000 22.562339714458368
40.994739579891153 23.000000000000000
42.000000000000000 23.427802862621419
42.851494935762261 24.000000000000000
43.247422785304337 25.000000000000000
44.000000000000000 25.665080486696930
44.000000000000000 27.036891492128994
44.000000000000000 28.408695511832683
44.000000000000000 29.780506636474023
45.227077919390226 30.000000000000000
46.687884936172196 30.000000000000000
48.148702494924635 30.000000000000000
49.609512424282556 30.000000000000000
51.070329729147282 30.000000000000000
53.596012318472916 29.000000000000000
56.121705476665305 28.000000000000000
57.582539560598185 28.000000000000000
60.108215702307241 27.000000000000000
62.633929925855107 26.000000000000000
39.713037761057315 22.000000000000000
40.073052497126376 23.000000000000000
41.641855531224188 23.000000000000000
42.001881808634892 24.000000000000000
43.000000000000000 24.472117776676768
43.930707000208130 25.000000000000000
44.000000000000000 26.240518573689876
44.000000000000000 27.538359513621970
44.000000000000000 28.836208181282224
44.162032420094377 30.000000000000000
45.730835742387086 30.000000000000000
47.299639064679816 30.000000000000000
48.868454229499584 30.000000000000000
50.437257203427968 30.000000000000000
53.214836770116733 29.000000000000000
54.783639744045125 29.000000000000000
57.561193168069387 28.000000000000000
60.338774912120734 27.000000000000000
64.325133000396022 25.000000000000000
65.893937247443375 25.000000000000000
40.000000000000000 22.229124902067912
40.640285003774828 23.000000000000000
42.000000000000000 23.248169818409053
42.666497787032228 24.000000000000000
43.000000000000000 24.993765813208775
44.000000000000000 25.503289327227630
44.000000000000000 26.739358265800444
44.000000000000000 27.975432747513597
44.000000000000000 29.211517351820966
44.616028337458530 30.000000000000000
46.317320260412032 30.000000000000000
48.018612183365533 30.000000000000000
49.719896476924525 30.000000000000000
51.421187743575175 30.000000000000000
54.498870023467731 29.000000000000000
57.576517820140872 28.000000000000000
62.030540277845809 26.000000000000000
65.108197016518133 25.000000000000000
66.809488036157802 25.000000000000000
66.000000000000000 26.824203692146362
40.000000000000000 22.608252174109921
41.248965017593001 23.000000000000000
42.000000000000000 23.707753689394206
43.000000000000000 24.257507245303877
43.696287343847878 25.000000000000000
44.000000000000000 25.991637177322442
44.000000000000000 27.176014234737305
44.000000000000000 28.360395657146587
44.000000000000000 29.544772714561457
45.148946323785793 30.000000000000000
47.015167576749697 30.000000000000000
48.881420420307471 30.000000000000000
50.747682395989472 30.000000000000000
54.189661533866634 29.000000000000000
59.207374595457729 27.000000000000000
64.225080027654300 25.000000000000000
66.091342003336294 25.000000000000000
67.000000000000000 25.607716486261765
66.000000000000000 27.426720747275141
65.000000000000000 29.245730803790089
40.000000000000000 22.913069940030361
41.917609225497777 23.000000000000000
42.174367917896099 24.000000000000000
43.000000000000000 24.687265863311389
44.000000000000000 25.278661308437695
44.000000000000000 26.419817288053775
44.000000000000000 27.560973267669855
44.000000000000000 28.702129724123100
44.000000000000000 29.843286180576339
45.790672061263791 30.000000000000000
47.866403939191770 30.000000000000000
49.942135817119755 30.000000000000000
53.836838167166235 29.000000000000000
59.550514458745340 27.000000000000000
65.264190750324445 25.000000000000000
67.000000000000000 25.186875254206647
66.000000000000000 26.877792721986822
65.000000000000000 28.568710189767003
65.000000000000000 29.709866646220235
65.000000000000000 30.851021195324833
40.327313545824687 23.000000000000000
42.000000000000000 23.318067743750948
42.899446095246034 24.000000000000000
43.122981152651647 25.000000000000000
44.000000000000000 25.692485392565580
44.000000000000000 26.797690896896160
44.000000000000000 27.902880243592985
44.000000000000000 29.008066000113740
44.240668512236397 30.000000000000000
46.589277083034055 30.000000000000000
48.937880051066934 30.000000000000000
53.411558332616842 29.000000000000000
64.260468157482549 25.000000000000000
66.609027224518826 25.000000000000000
67.000000000000000 25.921205051950626
66.000000000000000 27.496964453340148
65.000000000000000 29.072720264561642
65.000000000000000 30.177903664964770
65.000000000000000 31.283094470233191
65.000000000000000 32.388277870636315
40.855359059701229 23.000000000000000
42.000000000000000 23.622325590588908
43.000000000000000 24.301901081987676
43.953261196564050 25.000000000000000
44.000000000000000 26.057023550260183
44.000000000000000 27.132554682055869
44.000000000000000 28.208082793109469
44.000000000000000 29.283614878579471
44.907076300263221 30.000000000000000
47.623514301459515 30.000000000000000
50.340034981074744 30.000000000000000
65.684771342575146 25.000000000000000
67.000000000000000 25.554784532893024
66.000000000000000 27.026249708428129
65.000000000000000 28.497717904713141
65.000000000000000 29.573247347030886
65.000000000000000 30.648777902749906
65.000000000000000 31.724307345067650
65.000000000000000 32.799834880036755
66.000000000000000 33.479431609887058
41.454857306189012 23.000000000000000
42.000000000000000 23.874333780184450
43.000000000000000 24.600872281570108
44.000000000000000 25.327410782955766
44.000000000000000 26.378874831099161
44.000000000000000 27.430337925568239
44.000000000000000 28.481803499015228
44.000000000000000 29.533225206955194
45.799465974846903 30.000000000000000
64.423727219598732 25.000000000000000
67.000000000000000 25.214371936789863
66.000000000000000 26.590759265393846
66.000000000000000 27.642221096317325
65.000000000000000 29.018608424921300
65.000000000000000 30.070072163193419
65.000000000000000 31.121538380435783
65.000000000000000 32.173000211359266
65.690820723118662 33.000000000000000
66.000000000000000 33.951004097571612
67.000000000000000 34.677542338163221
42.000000000000000 23.047226383688425
42.310264373858296 24.000000000000000
43.000000000000000 24.855340081513326
44.000000000000000 25.631016276803201
44.000000000000000 26.663451820404902
44.000000000000000 27.695931413883294
44.000000000000000 28.728369161285912
44.000000000000000 29.760805001339904
66.562669568483557 25.000000000000000
67.000000000000000 25.920147783509076
66.000000000000000 27.209347822765441
65.000000000000000 28.498547862021802
65.000000000000000 29.530985609424420
65.000000000000000 30.563423356827045
65.000000000000000 31.595859196881037
65.000000000000000 32.628296944283655
66.000000000000000 33.403972399832526
67.000000000000000 34.179645896440590
67.000000000000000 35.212083643843215
67.952325941167089 36.000000000000000
42.000000000000000 23.224308164548411
43.000000000000000 24.051575395580404
43.364667329826645 25.000000000000000
44.000000000000000 25.896833800854733
44.000000000000000 26.914864962027831
44.000000000000000 27.932899937898210
64.710987597858022 25.000000000000000
67.000000000000000 25.581369506510022
66.000000000000000 26.790167623575453
66.000000000000000 27.808200692097191
65.000000000000000 29.016998809162626
65.000000000000000 30.035031877684357
65.000000000000000 31.053064946206103
65.000000000000000 32.071098014727838
65.467229631056682 33.000000000000000
66.000000000000000 33.916398651300824
67.000000000000000 34.743668578627499
67.000000000000000 35.761699739800612
68.000000000000000 36.588969667127287
69.000000000000000 37.416235779756711
42.000000000000000 23.357325353446278
43.000000000000000 24.238941300404662
44.000000000000000 25.120554376160765
44.000000000000000 26.128502641150789
44.000000000000000 27.136451849635797
67.000000000000000 25.238713874374525
66.000000000000000 26.372996364744814
66.000000000000000 27.380943665881190
65.000000000000000 28.515227099746475
65.000000000000000 29.523177272085135
65.000000000000000 30.531124573221511
65.000000000000000 31.539071874357887
65.000000000000000 32.547022046696547
66.000000000000000 33.428637029801280
67.000000000000000 34.310250105557387
67.000000000000000 35.318242105137180
68.000000000000000 36.199855406686702
69.000000000000000 37.081468708236223
69.707757109439356 38.000000000000000
70.000000000000000 38.971028608401554
42.000000000000000 23.448764357858774
43.000000000000000 24.387823409362298
44.000000000000000 25.326880553517192
65.119807799480981 25.000000000000000
67.000000000000000 25.883676904850969
66.000000000000000 26.948573988461412
66.000000000000000 27.950551102344086
65.000000000000000 29.015448185954533
65.000000000000000 30.017424819795927
65.000000000000000 31.019403841027234
65.000000000000000 32.021380954909908
65.371234584085698 33.000000000000000
66.000000000000000 33.962462091603030
67.000000000000000 34.901515057242356
67.000000000000000 35.903494198487628
68.000000000000000 36.842551458880074
69.000000000000000 37.781604904575246
70.000000000000000 38.720661684911839
70.000000000000000 39.722640826157104
71.000000000000000 40.661694271852291
