66.000000000000000 33.500000000000000
67.000000000000000 35.104332327646780
68.000000000000000 36.847742392052822
70.000000000000000 38.936640718448970
72.000000000000000 41.331027194059686
75.000000000000000 44.384796593920370
76.000000000000000 47.159493846294197
78.000000000000000 50.675603691632055
79.000000000000000 54.115768758792257
73.802865655075408 54.000000000000000
64.210221684104994 50.000000000000000
55.401111573173679 45.000000000000000
54.811292375557670 46.000000000000000
53.238231160394250 46.000000000000000
51.840865881499475 46.000000000000000
51.000000000000000 46.575621131486400
50.067419605777005 47.000000000000000
50.000000000000000 48.961654895671003
51.000000000000000 53.688622439468119
50.000000000000000 54.968441303385433
49.000000000000000 56.582460392258270
47.533783673102050 57.000000000000000
46.000000000000000 57.089646972164218
44.595062385403843 58.000000000000000
43.104393842800562 59.000000000000000
41.500064634848862 60.000000000000000
39.895732522206735 59.000000000000000
38.152319606913068 60.000000000000000
36.254186751845275 61.000000000000000
34.695992433594945 60.000000000000000
33.214586192049438 59.000000000000000
31.799773663238380 58.000000000000000
29.500628311723844 59.000000000000000
27.481349085774248 59.000000000000000
25.317270512601034 59.000000000000000
22.973201610690371 59.000000000000000
21.000000000000000 58.280323711594484
18.493008997479564 58.000000000000000
16.475156566617741 57.000000000000000
14.302304604680211 56.000000000000000
13.000000000000000 54.206546289672083
12.000000000000000 52.221370717079715
11.000000000000000 50.267623217711083
10.000000000000000 48.322865900078789
9.000000000000000 46.367757543850622
9.000000000000000 44.059951231837616
8.000000000000000 42.101433802556073
8.000000000000000 39.890527108591151
9.000000000000000 37.605789294863143
9.000000000000000 35.544801988078703
8.000000000000000 33.500070570111347
4.000000000000000 31.140803165098852
7.000000000000000 29.141726277442974
6.000000000000000 26.728108127073199
6.000000000000000 24.385264613302805
6.000000000000000 21.965456863226045
3.000000000000000 18.256899879180704
4.310315954376788 16.000000000000000
6.000000000000000 13.983856052009333
7.621190668479753 12.000000000000000
11.907587211985422 12.000000000000000
14.301996532031996 11.000000000000000
15.409978948940703 9.000000000000000
17.553742845761111 8.000000000000000
19.577137729702855 7.000000000000000
22.973026006529313 8.000000000000000
29.759447023376126 15.000000000000000
31.879194248903630 16.000000000000000
33.000000000000000 15.436707405010736
34.175248318902895 15.000000000000000
35.488921684475351 15.000000000000000
36.749931403808127 15.000000000000000
37.970877203431108 15.000000000000000
39.162792889129229 15.000000000000000
40.398900602495445 16.000000000000000
41.499925615193206 16.000000000000000
42.538038630131709 17.000000000000000
42.700129958910836 24.000000000000000
43.121399227607817 25.000000000000000
43.682462481385208 25.000000000000000
44.000000000000000 25.805616405178995
44.000000000000000 27.185484350852377
44.000000000000000 28.187328459628816
44.000000000000000 28.952416832608961
44.000000000000000 29.560798696633725
44.042774196534005 30.000000000000000
44.395417011118795 30.000000000000000
44.786529765590288 30.000000000000000
45.227077919390226 30.000000000000000
45.730835742387086 30.000000000000000
46.317320260412032 30.000000000000000
47.015167576749697 30.000000000000000
47.866403939191770 30.000000000000000
48.937880051066934 30.000000000000000
50.340034981074744 30.000000000000000
67.000000000000000 25.214371936789863
66.000000000000000 27.209347822765441
65.000000000000000 29.016998809162626
65.000000000000000 30.531124573221511
65.000000000000000 32.021380954909908
