216.000000000000000 131.500000000000000
216.000000000000000 132.011778497097822
216.000000000000000 132.523570090098417
217.000000000000000 133.055591418610533
217.000000000000000 133.573803513716314
218.000000000000000 134.123501693788938
218.000000000000000 134.649473727650445
219.000000000000000 135.219500656351670
219.000000000000000 135.750819540156385
219.000000000000000 136.283503840118016
219.000000000000000 136.816273063256290
220.000000000000000 137.418695945891443
221.000000000000000 138.033862316829158
221.000000000000000 138.581392231966959
222.000000000000000 139.217247885555651
222.000000000000000 139.771865837710607
222.000000000000000 140.326688073988436
222.000000000000000 140.881703141402937
223.000000000000000 141.552281082253131
224.000000000000000 142.235840913061168
224.000000000000000 142.806382641166010
225.000000000000000 143.511150500914056
226.000000000000000 144.229333936626347
226.000000000000000 144.815486772669345
227.000000000000000 145.555514293123821
227.000000000000000 146.150806160509433
227.000000000000000 146.746545831033018
228.000000000000000 147.515598519873464
229.000000000000000 148.299229283303561
230.000000000000000 149.097169663381862
230.000000000000000 149.717983425515342
231.000000000000000 150.537818398925964
232.000000000000000 151.372266401341022
233.000000000000000 152.221640060616096
233.000000000000000 152.868451872432729
233.000000000000000 153.517645831671587
234.000000000000000 154.397857164763934
235.000000000000000 155.293769737367597
236.000000000000000 156.205450765735662
237.000000000000000 157.132028775492813
238.000000000000000 158.074615277077868
238.000000000000000 158.768377320148772
238.000000000000000 159.465834805310777
239.000000000000000 160.440655554204227
240.000000000000000 161.433321506174480
241.000000000000000 162.441085041022006
241.000000000000000 163.168150244038827
242.000000000000000 164.202492048394362
243.000000000000000 165.252325807841032
244.000000000000000 166.319198989538336
244.000000000000000 167.078320681092492
245.000000000000000 168.172717119811807
246.000000000000000 169.284537412810295
246.000000000000000 170.066742058657638
247.000000000000000 171.205544897776974
248.000000000000000 172.362224288217362
248.000000000000000 173.169293775918106
249.000000000000000 174.355099002925499
250.000000000000000 175.558731593442758
250.000000000000000 176.392229662858909
251.000000000000000 177.625874122221205
251.000000000000000 178.474535194822010
252.000000000000000 179.738296299888674
253.000000000000000 181.020654036253234
253.000000000000000 181.897822260200371
254.000000000000000 183.212508309958935
254.000000000000000 184.106213275217101
254.000000000000000 185.005020496706322
255.000000000000000 186.364270787229145
255.000000000000000 187.280491586458879
255.000000000000000 188.202665340366082
255.000000000000000 189.130331075367735
256.000000000000000 190.549623355803362
256.000000000000000 191.495930804870682
256.000000000000000 192.448642030915408
256.000000000000000 193.407386707925610
257.000000000000000 194.889212197204216
257.000000000000000 195.868349214783251
257.000000000000000 196.853961526706371
257.000000000000000 197.845662757763108
257.000000000000000 198.845037244517442
257.000000000000000 199.850825133882751
257.000000000000000 200.863607816126915
255.462153310815779 201.000000000000000
252.005794047688084 200.000000000000000
246.945732820384563 198.000000000000000
242.016352753809798 196.000000000000000
237.214074254109420 194.000000000000000
234.155741390840291 193.000000000000000
231.170238158695184 192.000000000000000
226.681350776662811 190.000000000000000
223.859901771796018 189.000000000000000
221.104347096052010 188.000000000000000
218.415847060393730 187.000000000000000
214.296206672983089 185.000000000000000
211.751558504058778 184.000000000000000
209.264900766328509 183.000000000000000
205.404618784810310 181.000000000000000
203.049731026715676 180.000000000000000
199.355553154235224 178.000000000000000
197.124990832288518 177.000000000000000
185.438368192226022 169.000000000000000
184.772148158804356 169.000000000000000
184.121327042573597 169.000000000000000
183.478097749191448 169.000000000000000
182.843190163853990 169.000000000000000
182.222887526997027 169.000000000000000
181.611577608724645 169.000000000000000
181.005660541138269 169.000000000000000
180.413688896706276 169.000000000000000
179.830034502995289 169.000000000000000
179.256492372402107 169.000000000000000
178.685495825255771 169.000000000000000
178.129582245895335 169.000000000000000
177.579259065259691 169.000000000000000
177.034840666978198 169.000000000000000
176.501082814683656 169.000000000000000
175.974370981849916 169.000000000000000
175.453055973967025 169.000000000000000
175.000000000000000 169.055550005480910
175.000000000000000 169.533219298537091
174.987613869042804 170.000000000000000
174.479459445164309 170.000000000000000
173.979511426480258 170.000000000000000
173.487617673763935 170.000000000000000
173.000152587890625 170.000000000000000
172.518786606303195 170.000000000000000
172.045110736661570 170.000000000000000
171.575607188610689 170.000000000000000
171.111789444804117 170.000000000000000
170.653660449286178 170.000000000000000
170.202889938124315 170.000000000000000
169.754066738466946 170.000000000000000
169.310828301563731 170.000000000000000
169.000000000000000 170.140725741987694
169.000000000000000 170.631636594482757
168.884469855152446 171.000000000000000
168.450784603249360 171.000000000000000
168.023998747870536 171.000000000000000
167.595712561804049 171.000000000000000
167.177276595614870 171.000000000000000
167.000000000000000 171.291418411243114
167.000000000000000 171.804192613136536
166.737357997139156 172.000000000000000
166.324572415151067 172.000000000000000
166.000000000000000 172.109835328582847
166.000000000000000 172.641487445401879
165.862525442054988 173.000000000000000
165.457065191597877 173.000000000000000
165.050073040494823 173.000000000000000
165.000000000000000 173.478735269804133
165.000000000000000 174.039728038455280
165.000000000000000 174.608158144224745
165.000000000000000 175.188880578139845
165.000000000000000 175.781124447546205
165.000000000000000 176.379149736978690
165.000000000000000 176.990212626783205
164.592336602113477 177.000000000000000
164.182729808638896 177.000000000000000
164.000000000000000 177.345499120286917
164.000000000000000 177.984220733972847
164.000000000000000 178.636492643606459
164.000000000000000 179.303384681908710
164.000000000000000 179.981143142163148
164.000000000000000 180.674286975805160
165.000000000000000 183.072999325720787
165.000000000000000 183.818780299364278
165.000000000000000 184.584109237312418
165.000000000000000 185.363875983170544
165.000000000000000 186.161562123872670
165.000000000000000 186.977773501334411
165.000000000000000 187.816396447727698
165.000000000000000 188.668724872264590
165.000000000000000 189.544756579126954
165.000000000000000 190.442148512398262
165.000000000000000 191.361693531790650
165.000000000000000 192.301148314619638
165.000000000000000 193.267598843760993
165.000000000000000 194.255831730529280
165.000000000000000 195.272961158768680
165.000000000000000 196.316945002713339
165.000000000000000 197.388990109790655
165.000000000000000 198.490252212224902
164.722899747762995 199.000000000000000
164.215266507645993 199.000000000000000
164.000000000000000 199.671739284245120
164.000000000000000 200.862758926938341
163.961370297680674 202.000000000000000
163.443460828102644 202.000000000000000
163.000000000000000 202.180940959588611
163.000000000000000 203.480611839175822
162.679314505491107 204.000000000000000
162.155890253215034 204.000000000000000
162.000000000000000 204.974457819284510
161.483574021219141 205.000000000000000
161.000000000000000 205.107297231313396
160.793881448788937 206.000000000000000
160.269083060518597 206.000000000000000
160.000000000000000 206.746694216322169
159.557125114612631 207.000000000000000
159.031073357630191 207.000000000000000
158.507634538453914 207.000000000000000
158.000000000000000 207.042451293086231
157.772692340078152 208.000000000000000
157.247849684457805 208.000000000000000
156.725518894259181 208.000000000000000
156.205662584443985 208.000000000000000
155.686112339272597 208.000000000000000
155.169738718401703 208.000000000000000
154.654979984506042 208.000000000000000
154.142584575334695 208.000000000000000
153.630432661228639 208.000000000000000
153.120576537533822 208.000000000000000
152.611622148360766 208.000000000000000
152.104923755157301 208.000000000000000
151.600389181715798 208.000000000000000
151.096061824475413 208.000000000000000
150.593874074616735 208.000000000000000
150.092446688030321 208.000000000000000
149.591163855962407 208.000000000000000
149.093891900860029 208.000000000000000
148.595340779660290 208.000000000000000
148.099708699491288 208.000000000000000
147.775090390443438 209.000000000000000
147.274219100463228 209.000000000000000
146.775310110548588 209.000000000000000
146.276515983301749 209.000000000000000
145.923816808668704 210.000000000000000
145.421047722571529 210.000000000000000
144.918781282514004 210.000000000000000
144.416981419516645 210.000000000000000
144.000000000000000 210.695027949487667
143.643886015380701 212.000000000000000
143.131359806706513 212.000000000000000
142.721730327509675 213.000000000000000
142.203648338625413 213.000000000000000
141.776543585197402 214.000000000000000
141.254176917716052 214.000000000000000
140.656342973774770 213.000000000000000
140.142005316873480 213.000000000000000
139.627757793179569 213.000000000000000
139.113907559953702 213.000000000000000
138.600102738783079 213.000000000000000
138.086380497101800 213.000000000000000
137.611986927702901 214.000000000000000
137.092282121916412 214.000000000000000
136.599172060099107 215.000000000000000
136.074668356120725 215.000000000000000
135.561506893368119 216.000000000000000
135.030852559000863 216.000000000000000
134.500228033914794 216.000000000000000
133.969589945881950 216.000000000000000
133.437642255317684 216.000000000000000
132.925789407551122 215.000000000000000
132.401271211961983 215.000000000000000
131.906836668572680 214.000000000000000
131.388470835968974 214.000000000000000
130.869396880924540 214.000000000000000
130.349368257039146 214.000000000000000
129.829935914541124 214.000000000000000
129.309779543798356 214.000000000000000
128.789213237604912 214.000000000000000
128.267894406190976 214.000000000000000
127.746275714762263 214.000000000000000
127.224568975040810 214.000000000000000
126.701613677584675 214.000000000000000
125.875266158763225 217.000000000000000
125.332979152334417 217.000000000000000
124.561522063182636 219.000000000000000
124.004287126446442 219.000000000000000
123.445884474839701 219.000000000000000
122.754513579680591 220.000000000000000
122.188246286662846 220.000000000000000
121.621333012198249 220.000000000000000
121.052510311109287 220.000000000000000
120.482951423106385 220.000000000000000
119.912427579178214 220.000000000000000
119.340506216860945 220.000000000000000
118.767582696204386 220.000000000000000
118.193381713458095 220.000000000000000
117.617523876942514 220.000000000000000
117.041213083640997 220.000000000000000
116.666081001887164 219.000000000000000
116.093196461564006 219.000000000000000
115.518084456344894 219.000000000000000
115.000000000000000 218.737475053118033
114.593551416414712 218.000000000000000
114.019978930630373 218.000000000000000
113.689236018187245 217.000000000000000
113.119403357069146 217.000000000000000
112.803878680095508 216.000000000000000
112.237120799757676 216.000000000000000
111.938706584138643 215.000000000000000
111.375032340186593 215.000000000000000
110.808765573529442 215.000000000000000
110.241266598839218 215.000000000000000
109.968507393075456 214.000000000000000
109.402612204422425 214.000000000000000
109.000000000000000 213.473083262512830
108.584220508022426 213.000000000000000
108.019208479900755 213.000000000000000
107.452066598873827 213.000000000000000
107.000000000000000 212.652090747982072
106.656061133559859 212.000000000000000
106.088289450488048 212.000000000000000
105.518274925959219 212.000000000000000
104.946229628127639 212.000000000000000
104.370270370547530 212.000000000000000
104.000000000000000 211.455290541454474
103.600411586025814 211.000000000000000
103.024049423668032 211.000000000000000
102.443902394789717 211.000000000000000
101.862225419618582 211.000000000000000
101.277321050570379 211.000000000000000
99.838527333572728 213.000000000000000
98.799373873174474 214.000000000000000
97.741787347656512 215.000000000000000
97.113794048017354 215.000000000000000
96.482722362676668 215.000000000000000
96.000000000000000 214.670879656620542
96.620168034176132 212.000000000000000
96.000220764780607 212.000000000000000
95.862464804214440 211.000000000000000
94.749740104614276 212.000000000000000
94.119093154818131 212.000000000000000
92.973133251389939 213.000000000000000
92.327427605387840 213.000000000000000
91.675731503622785 213.000000000000000
90.486283995585566 214.000000000000000
90.000000000000000 213.665522560398387
89.694852088690411 213.000000000000000
88.468091247174655 214.000000000000000
87.786147654018933 214.000000000000000
87.099208969273050 214.000000000000000
86.406892355052065 214.000000000000000
85.709675870535946 214.000000000000000
85.008221532506084 214.000000000000000
84.300059557327288 214.000000000000000
83.587519579103031 214.000000000000000
82.868033876908981 214.000000000000000
82.143966749948731 214.000000000000000
81.414145026260258 214.000000000000000
80.678420672731505 214.000000000000000
79.936164179581368 214.000000000000000
79.187783469555356 214.000000000000000
79.000000000000000 213.165523954933121
78.360466342960805 213.000000000000000
77.602999378532033 213.000000000000000
76.837507674315276 213.000000000000000
76.066351562167640 213.000000000000000
75.286868688467536 213.000000000000000
74.501459638078913 213.000000000000000
74.000000000000000 212.607791522102673
73.662999003494022 212.000000000000000
72.863361715656481 212.000000000000000
72.057772301824627 212.000000000000000
71.244214682983426 212.000000000000000
71.000000000000000 211.274393632894657
70.397103868810746 211.000000000000000
69.569056005022105 211.000000000000000
68.732513121099089 211.000000000000000
68.000000000000000 210.865412358844708
67.879878904588153 210.000000000000000
67.027371273539671 210.000000000000000
66.165547492960911 210.000000000000000
64.411050416823798 211.000000000000000
63.518931629468234 211.000000000000000
62.616882249745416 211.000000000000000
61.702748044708052 211.000000000000000
60.779111976770402 211.000000000000000
60.000000000000000 210.834533156900733
59.850105286046158 210.000000000000000
58.905462877591695 210.000000000000000
57.948582570327204 210.000000000000000
57.000000000000000 209.980674208017348
57.000000000000000 209.000366801570550
56.020230997454995 209.000000000000000
56.000000000000000 208.051807462875018
55.060885867377245 208.000000000000000
55.000000000000000 207.101215074643761
54.100609634211814 207.000000000000000
54.000000000000000 206.148171099872002
53.140556036153342 206.000000000000000
52.107516593579859 206.000000000000000
52.000000000000000 205.160130712931220
51.130818429662170 205.000000000000000
51.000000000000000 204.188242517093101
50.151445822489272 204.000000000000000
49.071310219919646 204.000000000000000
49.000000000000000 203.141453351377095
48.072059939064786 203.000000000000000
48.000000000000000 202.148774604178328
47.066864986495730 202.000000000000000
47.000000000000000 201.150944303272240
46.054811793760649 201.000000000000000
46.000000000000000 200.147574189862098
45.036098329616330 200.000000000000000
45.000000000000000 199.139262544472160
44.008625720444691 199.000000000000000
44.000000000000000 198.124810768607432
44.000000000000000 197.252571767165932
43.146167740685868 197.000000000000000
43.000000000000000 196.237896602290817
42.110618341997032 196.000000000000000
42.000000000000000 195.216215795765834
41.062768386960201 195.000000000000000
41.000000000000000 194.187237172357470
40.001305769737108 194.000000000000000
40.000000000000000 193.150746770339282
40.000000000000000 192.308088068556856
39.167802631671684 192.000000000000000
39.000000000000000 191.267811434259642
39.000000000000000 190.436216228076518
38.360323812332609 190.000000000000000
38.000000000000000 189.392067349219928
37.272805138631391 189.000000000000000
37.000000000000000 188.337432535935477
37.000000000000000 187.520143973939440
36.483706267869685 187.000000000000000
36.000000000000000 186.459488223603955
36.000000000000000 185.651408999902912
35.719059964136285 185.000000000000000
35.000000000000000 184.583854116993081
35.000000000000000 183.783493209534072
34.977268918631843 183.000000000000000
34.000000000000000 182.707469635703717
34.000000000000000 181.915063316267549
34.000000000000000 181.126623909528888
33.000000000000000 180.829800575261402
33.000000000000000 180.043850285141360
33.000000000000000 179.262544012212118
33.000000000000000 178.485783458136638
32.370553183925182 178.000000000000000
32.000000000000000 177.394021611585657
32.000000000000000 176.622703964855930
31.666440425572066 176.000000000000000
31.000000000000000 175.518896738482567
31.000000000000000 174.752643978151724
30.978609433462108 174.000000000000000
30.000000000000000 173.636128798384846
30.000000000000000 172.874358564981691
30.000000000000000 172.117292527579707
30.000000000000000 171.363124664323266
30.000000000000000 170.612587720027221
29.634097969885108 170.000000000000000
29.000000000000000 169.482330119347949
29.000000000000000 168.735320572156752
29.000000000000000 167.991771474121265
29.000000000000000 167.250674822029765
29.000000000000000 166.513752429854208
29.000000000000000 165.779200610260318
29.000000000000000 165.047797907761975
28.000000000000000 164.630626459837060
28.000000000000000 163.898496820370752
28.000000000000000 163.168515358366761
28.000000000000000 162.441479716703583
28.000000000000000 161.717356129091229
28.000000000000000 160.995153756312533
28.000000000000000 160.275777451904958
28.000000000000000 159.559089080870933
28.000000000000000 158.845089080253814
28.000000000000000 158.132809016511089
27.000000000000000 157.666537315813684
27.000000000000000 156.951803882400213
27.000000000000000 156.239531309148674
27.000000000000000 155.529728336353571
27.000000000000000 154.821406635256352
27.000000000000000 154.114508763366871
27.000000000000000 153.410800249930020
27.000000000000000 152.707528663847683
27.000000000000000 152.007343868595228
28.000000000000000 151.123225999276883
28.000000000000000 150.432905920609159
28.000000000000000 149.742754704109842
28.000000000000000 149.054619439259028
28.000000000000000 148.368461897733255
28.000000000000000 147.683272877216893
28.000000000000000 146.999014102034607
28.000000000000000 146.316620340020137
28.000000000000000 145.635082118173983
28.000000000000000 144.954358935853463
28.000000000000000 144.275345700570824
29.000000000000000 143.483480007455370
29.000000000000000 142.812253911764600
29.000000000000000 142.142606958389706
29.000000000000000 141.472638176841059
29.000000000000000 140.804143297476429
29.000000000000000 140.137157545514214
29.000000000000000 139.469683438160189
30.000000000000000 138.734401144470979
30.000000000000000 138.075073354633616
22.000000000000000 137.868960637868611
22.000000000000000 137.159914541451570
22.000000000000000 136.451197665260906
23.000000000000000 135.705939435115340
23.000000000000000 135.004066973096712
23.000000000000000 134.303273260259289
24.000000000000000 133.583799110687721
24.000000000000000 132.888678366954821
24.000000000000000 132.194542831321883
25.000000000000000 131.500442504882812
26.000000000000000 130.818930967204466
26.000000000000000 130.136443059808812
27.000000000000000 129.473645396749589
27.000000000000000 128.798184324291867
27.000000000000000 128.122096363265115
28.000000000000000 127.483534347597896
29.000000000000000 126.857329578264853
29.000000000000000 126.192677186521678
17.000000000000000 124.848897256977807
15.000000000000000 123.982120575694324
15.000000000000000 123.227719131124431
14.000000000000000 122.397634602826528
13.000000000000000 121.553954216339520
12.000000000000000 120.696619637380039
11.000000000000000 119.826283744098632
11.000000000000000 119.042672944045776
11.000000000000000 118.258268539923378
10.000000000000000 117.359409364744451
10.000000000000000 116.566483685666526
23.000000000000000 117.414446805847646
22.000000000000000 116.569535833743416
21.000000000000000 115.710461614356390
21.000000000000000 114.982735170357884
21.000000000000000 114.254009753791195
21.000000000000000 113.523771339746801
20.000000000000000 112.627168438758261
20.000000000000000 111.887359355015420
19.000000000000000 110.968129427393535
19.000000000000000 110.218898963177651
19.000000000000000 109.467499055909499
19.000000000000000 108.714690712213397
19.000000000000000 107.959590263920560
19.000000000000000 107.202590178073791
19.000000000000000 106.444016289470426
19.000000000000000 105.682987264890869
19.000000000000000 104.919892545045826
19.000000000000000 104.154643116515032
19.000000000000000 103.387185951602021
19.000000000000000 102.617458560390986
19.000000000000000 101.845024214369559
19.000000000000000 101.070195562901745
19.000000000000000 100.292949993740606
19.000000000000000 99.512784932099279
19.000000000000000 98.730047873523446
19.000000000000000 97.944670568107597
19.000000000000000 97.156219412950847
20.000000000000000 96.668820573124606
20.000000000000000 95.881264221603857
20.000000000000000 95.090801137316106
21.000000000000000 94.621937754026888
21.505892968839603 94.000000000000000
22.000000000000000 93.377300485047456
23.000000000000000 92.933794740445066
23.000000000000000 92.147522023981935
22.000000000000000 90.998001958107977
20.000000000000000 89.463453222496369
18.000000000000000 87.896528437906809
17.000000000000000 86.678417060747734
16.000000000000000 85.442154581172076
11.000000000000000 82.603193722509459
11.000000000000000 81.703390612444878
10.000000000000000 80.388488492281482
10.000000000000000 79.472032626520701
10.000000000000000 78.550784103035269
10.000000000000000 77.624595377231401
10.696903377961288 77.000000000000000
14.000000000000000 77.547664607002233
14.000000000000000 76.636176209082848
14.000000000000000 75.719467872925719
14.000000000000000 74.797469458608191
14.271968957609543 74.000000000000000
15.000000000000000 73.422871470506976
15.000000000000000 72.491804152969351
15.000000000000000 71.554897280339574
15.761235870580569 71.000000000000000
16.000000000000000 70.180757775788834
16.000000000000000 69.233814198298816
17.000000000000000 68.814072483723436
17.000000000000000 67.862355525951983
17.174120901021521 67.000000000000000
18.000000000000000 66.497510139086927
18.822481785308593 66.000000000000000
19.000000000000000 65.138733776082645
19.000000000000000 64.169868449172910
20.000000000000000 63.785306422081234
20.315466981726281 63.000000000000000
21.925131306963124 63.000000000000000
22.000000000000000 62.073353035826543
23.448467158880359 62.000000000000000
24.000000000000000 61.375034586929218
24.936745815336394 61.000000000000000
26.435019509339060 61.000000000000000
27.904557384124690 61.000000000000000
29.346507293880229 61.000000000000000
30.761711668641674 61.000000000000000
32.151063460334676 61.000000000000000
34.947479018727535 62.000000000000000
36.268160245237247 62.000000000000000
37.000000000000000 61.594293595111274
37.464346927338333 61.000000000000000
38.735635360317723 61.000000000000000
39.985242680683882 61.000000000000000
40.000000000000000 60.082490428726047
41.116477767204927 60.000000000000000
42.322205765077925 60.000000000000000
43.508463901623877 60.000000000000000
44.675936684684501 60.000000000000000
45.825137820089232 60.000000000000000
46.000000000000000 59.218745030267030
46.862041169438371 59.000000000000000
47.000000000000000 58.183289560176476
47.000000000000000 57.242533706387640
47.000000000000000 56.291707026781609
47.768940188950189 56.000000000000000
48.000000000000000 55.240545969911651
48.000000000000000 54.269215647809709
48.788668662563317 54.000000000000000
49.000000000000000 53.209121142397066
49.000000000000000 52.215708465151074
49.840475435946161 52.000000000000000
50.000000000000000 51.144709698396994
50.000000000000000 50.127561695799976
50.924939203659846 50.000000000000000
51.000000000000000 49.043263476587285
51.999456496737714 49.000000000000000
52.042227240661255 48.000000000000000
53.000000000000000 47.926040880846976
53.126438694869350 47.000000000000000
54.000000000000000 46.848994516064295
54.209588614693608 46.000000000000000
55.214663995506875 46.000000000000000
56.000000000000000 45.772811692694368
56.285901757938994 45.000000000000000
57.268118122120889 45.000000000000000
58.239458075438392 45.000000000000000
59.200063198175400 45.000000000000000
60.150278338173607 45.000000000000000
61.090239050495761 45.000000000000000
62.020259411717262 45.000000000000000
62.940464357889468 45.000000000000000
63.851179224462733 45.000000000000000
64.752603172459388 45.000000000000000
65.645048022903737 45.000000000000000
66.528489213344116 45.000000000000000
67.403222477959815 45.000000000000000
68.269666440331207 45.000000000000000
69.127527673195701 45.000000000000000
69.977460525445878 45.000000000000000
71.555692288568238 46.000000000000000
72.380145039477995 46.000000000000000
73.914339444234002 47.000000000000000
75.422035481023286 48.000000000000000
76.903853687777186 49.000000000000000
92.137046639034708 70.000000000000000
92.704483044115946 70.000000000000000
93.266687014581493 70.000000000000000
93.824418270260779 70.000000000000000
94.377822634878441 70.000000000000000
94.926240721605808 70.000000000000000
95.470774971273030 70.000000000000000
96.010459307535100 70.000000000000000
96.546145208600151 70.000000000000000
97.686273166005819 71.000000000000000
98.205091612036568 71.000000000000000
98.720105331496200 71.000000000000000
99.231484705787807 71.000000000000000
99.738735358067871 71.000000000000000
100.242455183131526 71.000000000000000
100.743019185282023 71.000000000000000
101.239715671573350 71.000000000000000
101.732972436101690 71.000000000000000
102.756338626264977 72.000000000000000
103.234906409040363 72.000000000000000
103.710608137816763 72.000000000000000
104.183092994474435 72.000000000000000
104.652404289961126 72.000000000000000
105.118769432138322 72.000000000000000
105.582327018753176 72.000000000000000
106.043004200245733 72.000000000000000
106.501043695588010 72.000000000000000
106.956564727057383 72.000000000000000
107.408720026492773 72.000000000000000
107.859307765705580 72.000000000000000
108.000000000000000 71.303560217192967
108.318733245965873 71.000000000000000
108.769471938417752 71.000000000000000
109.217130830495449 71.000000000000000
109.662343460962461 71.000000000000000
110.105228249156397 71.000000000000000
110.545880737639621 71.000000000000000
110.985050345277145 71.000000000000000
111.039695185441175 70.000000000000000
111.481625115359094 70.000000000000000
111.920514794640923 70.000000000000000
112.358756035820306 70.000000000000000
112.794074031122179 70.000000000000000
113.227210743932019 70.000000000000000
113.659044436034534 70.000000000000000
114.000000000000000 69.732419273381311
114.192305240815060 69.000000000000000
114.625620778103922 69.000000000000000
115.056878900481195 69.000000000000000
115.486837889680857 69.000000000000000
115.915571382958490 69.000000000000000
116.341501194387945 69.000000000000000
116.767035213361993 69.000000000000000
117.190584638372670 69.000000000000000
117.612126767007197 69.000000000000000
118.033366316621439 69.000000000000000
118.452669016994932 69.000000000000000
118.870048550639282 69.000000000000000
119.287119993645149 69.000000000000000
119.702243602332118 69.000000000000000
120.116369083972543 69.000000000000000
120.529339924532096 69.000000000000000
120.941329495673301 69.000000000000000
121.351463493996505 69.000000000000000
121.761355861252852 69.000000000000000
122.169412184859738 69.000000000000000
122.577255954095264 69.000000000000000
122.983354922896538 69.000000000000000
123.389249516121325 69.000000000000000
123.794084205358587 69.000000000000000
124.198004989059456 69.000000000000000
124.601016638709140 69.000000000000000
125.002986081003840 69.000000000000000
125.404058525704571 69.000000000000000
125.804984346132514 69.000000000000000
126.337688715634584 70.000000000000000
126.730340097176025 70.000000000000000
127.122939031354719 70.000000000000000
127.514615790496293 70.000000000000000
127.905381623514543 70.000000000000000
128.296107770219095 70.000000000000000
128.685924053813352 70.000000000000000
129.075669141345827 70.000000000000000
129.465346558987306 70.000000000000000
129.854169633911255 70.000000000000000
130.311346613843625 71.000000000000000
130.693749355872598 71.000000000000000
131.075316623094153 71.000000000000000
131.456020964015977 71.000000000000000
131.837534131235060 71.000000000000000
132.255061821550242 72.000000000000000
132.630236279350896 72.000000000000000
133.003735293988541 72.000000000000000
133.378909502412313 72.000000000000000
133.752379475380707 72.000000000000000
134.132138819040762 73.000000000000000
134.499329721202542 73.000000000000000
134.866518359557745 73.000000000000000
135.235393795133746 73.000000000000000
135.602574445189987 73.000000000000000
135.969766625547919 73.000000000000000
136.307243117047165 74.000000000000000
136.668161595165969 74.000000000000000
137.030788856206669 74.000000000000000
137.391708475432807 74.000000000000000
137.754330825273655 74.000000000000000
137.928240090300221 77.000000000000000
138.202725757195708 78.000000000000000
138.541865588917290 78.000000000000000
138.879229024870369 78.000000000000000
139.218341790535675 78.000000000000000
139.557410023951235 78.000000000000000
139.896468078603220 78.000000000000000
140.235466492413423 78.000000000000000
140.576205597012290 78.000000000000000
140.916936269892972 78.000000000000000
141.257640906167211 78.000000000000000
141.600050111820963 78.000000000000000
141.942499558773676 78.000000000000000
139.083241856438406 100.000000000000000
139.286094603678293 100.000000000000000
139.488628615831800 100.000000000000000
139.692743045317513 100.000000000000000
139.896416805956108 100.000000000000000
140.000000000000000 100.560481842227318
140.120134978155221 101.000000000000000
140.317972988881081 101.000000000000000
140.517292677124857 101.000000000000000
140.716060326955670 101.000000000000000
140.916380190851271 101.000000000000000
141.000000000000000 101.535219433840666
141.093840680202021 102.000000000000000
141.287864947239058 102.000000000000000
141.483235996584824 102.000000000000000
141.680178624136119 102.000000000000000
141.876311538618950 102.000000000000000
142.000000000000000 102.287870023715527
142.009453281451130 103.000000000000000
142.200986907957713 103.000000000000000
142.393780226903459 103.000000000000000
142.585855846752168 103.000000000000000
142.779234563002035 103.000000000000000
142.973908594050869 103.000000000000000
143.000000000000000 103.558316189822847
143.000000000000000 104.173330638566313
143.000000000000000 104.771957025768586
143.111250262878315 105.000000000000000
143.294002087430556 105.000000000000000
143.480154486574634 105.000000000000000
143.665249330889679 105.000000000000000
143.853618693483071 105.000000000000000
144.000000000000000 105.113904855912836
144.000000000000000 105.625264964723954
144.000000000000000 106.119933988789342
144.000000000000000 106.592909279134233
144.000000000000000 107.056967296171308
144.000000000000000 107.506136310241402
144.000000000000000 107.936425667749177
144.000000000000000 108.359097072275290
144.000000000000000 108.768896936450346
144.000000000000000 109.161386110614444
144.000000000000000 109.547777870337427
144.000000000000000 109.917677682819885
144.000000000000000 110.281899750728996
144.000000000000000 110.636005253482097
144.000000000000000 110.979814094185997
144.000000000000000 111.309414845677679
144.000000000000000 111.634500664082225
144.000000000000000 111.950522965592882
144.000000000000000 112.262632988752785
144.000000000000000 112.561605448623027
144.000000000000000 112.857038941169264
144.000000000000000 113.139991724284130
144.000000000000000 113.419754793036702
144.000000000000000 113.692150842104752
144.000000000000000 113.961267991021657
144.000000000000000 114.219157445480619
144.000000000000000 114.474324556097713
144.000000000000000 114.722812515108302
144.000000000000000 114.964722692511884
144.000000000000000 115.204222326707765
144.000000000000000 115.437357966333849
144.000000000000000 115.664345945618606
144.000000000000000 115.889219907672015
144.000000000000000 116.104529255222985
144.000000000000000 116.321464709932229
144.000000000000000 116.529067710722643
144.000000000000000 116.734974514263911
144.000000000000000 116.938860955890334
144.090920790836606 117.000000000000000
144.221887153725532 117.000000000000000
144.355152395547378 117.000000000000000
144.488512810352518 117.000000000000000
144.622020846886187 117.000000000000000
144.757874119948184 117.000000000000000
144.896126472992108 117.000000000000000
145.000000000000000 117.047388462438391
145.000000000000000 117.237902873584659
145.000000000000000 117.423502371852948
145.000000000000000 117.607397011887770
145.000000000000000 117.786561665096087
145.000000000000000 117.964081069817524
145.107663075498834 118.000000000000000
145.245482600445911 118.000000000000000
145.385587703027682 118.000000000000000
145.525671281827300 118.000000000000000
145.668034581587904 118.000000000000000
145.812704086508376 118.000000000000000
145.957364331943495 118.000000000000000
146.000000000000000 118.121386306407175
146.000000000000000 118.288721901285044
146.000000000000000 118.454381947611978
146.000000000000000 118.618491478264360
146.000000000000000 118.781085127602125
146.000000000000000 118.942053276392841
146.091679391530562 119.000000000000000
146.238724772838083 119.000000000000000
146.385762339639342 119.000000000000000
146.537394021511716 119.000000000000000
146.689001242485517 119.000000000000000
146.843022961791064 119.000000000000000
146.999327510266056 119.000000000000000
147.157872490090170 119.000000000000000
147.318977651729284 119.000000000000000
147.480185086083708 119.000000000000000
147.646080796931159 119.000000000000000
147.809940574370501 119.000000000000000
147.980648194571586 119.000000000000000
148.149641302965989 119.000000000000000
148.325473735388869 119.000000000000000
148.499583042961433 119.000000000000000
148.676292951061924 119.000000000000000
148.860193276532641 119.000000000000000
149.042116445612521 119.000000000000000
149.227332322788641 119.000000000000000
149.419390755563086 119.000000000000000
149.610237328231079 119.000000000000000
149.803751679287132 119.000000000000000
150.000330886112664 119.000000000000000
150.204520710624735 119.000000000000000
150.407234910937717 119.000000000000000
150.613489923444462 119.000000000000000
150.827431389554619 119.000000000000000
151.040069489716018 119.000000000000000
151.255921450461841 119.000000000000000
151.480403702581924 119.000000000000000
151.703301921145965 119.000000000000000
151.935259686109475 119.000000000000000
152.165793001154185 119.000000000000000
152.405535916614610 119.000000000000000
152.648442602577944 119.000000000000000
152.891731930144061 119.000000000000000
153.143655267590816 119.000000000000000
153.399786820455347 119.000000000000000
153.660240935400452 119.000000000000000
153.925930645068632 119.000000000000000
154.196104183963541 119.000000000000000
154.470903820027416 119.000000000000000
154.755736893270353 119.000000000000000
155.041890752631502 119.000000000000000
155.337455091787746 119.000000000000000
155.634611598854462 119.000000000000000
155.942406080642144 119.000000000000000
156.255582054041952 119.000000000000000
156.576251095671921 119.000000000000000
156.902698082995585 119.000000000000000
157.236071882701793 119.000000000000000
157.580924002432369 119.000000000000000
157.928783154001280 119.000000000000000
158.289638757858199 119.000000000000000
158.657311658711137 119.000000000000000
159.034169297184150 119.000000000000000
159.419418633796511 119.000000000000000
159.814506280190898 119.000000000000000
162.275141092904249 118.000000000000000
162.727345945495614 118.000000000000000
163.190253964738616 118.000000000000000
163.664254334753110 118.000000000000000
164.150975385252536 118.000000000000000
164.650947297747592 118.000000000000000
165.164669244789934 118.000000000000000
165.696930697863081 118.000000000000000
166.242987832246200 118.000000000000000
166.804633590040055 118.000000000000000
167.382683185755241 118.000000000000000
170.461875564378403 117.000000000000000
171.120646885779422 117.000000000000000
171.806188124220597 117.000000000000000
217.075285469876377 100.000000000000000
218.000000000000000 100.246843231299636
218.000000000000000 100.844221785784697
218.000000000000000 101.437628707150779
218.000000000000000 102.028912689307745
218.000000000000000 102.617198434611424
217.000000000000000 103.542913154050879
217.000000000000000 104.119624326405415
217.000000000000000 104.693742899208615
217.000000000000000 105.265690726841754
217.000000000000000 105.834904582781860
216.000000000000000 106.707051373747959
216.000000000000000 107.265334870466162
216.000000000000000 107.821790579962737
215.000000000000000 108.659401157274090
215.000000000000000 109.205363629704522
215.000000000000000 109.748764167839170
215.000000000000000 110.290453013072977
215.000000000000000 110.831059059413718
214.000000000000000 111.619334727798531
214.000000000000000 112.149177597997735
214.000000000000000 112.677381912094575
214.000000000000000 113.203978325069087
214.000000000000000 113.729017982899222
214.000000000000000 114.253106419852429
214.000000000000000 114.775012850530914
213.000000000000000 115.499922188872546
213.000000000000000 116.013574621341292
213.000000000000000 116.524601928399960
213.000000000000000 117.035458288415896
213.000000000000000 117.544754891008040
213.000000000000000 118.052921876500449
213.000000000000000 118.560257727271278
213.000000000000000 119.066315878271851
213.000000000000000 119.571532126635233
213.000000000000000 120.075506110212814
213.000000000000000 120.578955084001905
213.000000000000000 121.081222620378242
213.000000000000000 121.582343257269244
213.000000000000000 122.083373059650455
213.000000000000000 122.583288978851527
213.000000000000000 123.082420031122339
213.000000000000000 123.580884251745033
213.000000000000000 124.079278097283378
213.000000000000000 124.576906932020790
213.000000000000000 125.073289204324183
213.000000000000000 125.569616867567447
213.948683531076483 126.000000000000000
214.000000000000000 126.498080281683769
214.000000000000000 126.999320180743482
214.000000000000000 127.499835457363105
214.000000000000000 128.000984407240367
214.000000000000000 128.501172202123826
214.042550159693093 129.000000000000000
215.000000000000000 129.476250474113385
215.000000000000000 129.982558498029761
215.000000000000000 130.488104034754485
215.000000000000000 130.993608047299546
