-0.0795 -1.461897
-0.17386200000000002 -1.396101
-0.168945 -1.290972
-0.217644 -1.208388
-0.197874 -1.103019
-0.179286 -1.004292
-0.219108 -0.891858
-0.184359 -0.802125
-0.152532 -0.738885
-0.12631799999999999 -0.649548
-0.026241 -0.637752
0.024038999999999998 -0.582591
0.117666 -0.5707739999999999
0.21831899999999999 -0.5479529999999999
0.312624 -0.54189
0.417873 -0.547248
0.45437700000000003 -0.607248
0.523602 -0.669561
0.503208 -0.767352
0.517299 -0.85599
0.515352 -0.940857
0.491787 -1.0322550000000001
0.505398 -1.128651
0.448635 -1.212312
0.45393300000000003 -1.314651
0.39387 -1.400445
0.367158 -1.477347
0.305946 -1.561197
0.209172 -1.583664
0.112143 -1.628772
0.0465 -1.585173
-0.051533999999999996 -1.5590760000000001
