-0.099186 -1.487694
-0.153876 -1.372986
-0.248538 -1.304508
-0.184014 -1.208958
-0.18675 -1.112268
-0.211734 -0.99708
-0.171822 -0.896316
-0.226482 -0.786636
-0.196896 -0.707934
-0.078582 -0.691134
-0.05574 -0.591162
0.0261 -0.58437
0.103818 -0.57402
0.209232 -0.557178
0.33282 -0.521886
0.416016 -0.526602
0.502926 -0.57261
0.492738 -0.687894
0.544278 -0.766512
0.513678 -0.84681
0.49032 -0.945468
0.517026 -1.034904
0.493254 -1.119042
0.49377 -1.222398
0.404016 -1.305582
0.414096 -1.406904
0.383724 -1.495308
0.32022 -1.54779
0.228168 -1.627086
0.098124 -1.619538
-0.003882 -1.630458
-0.005124 -1.550808
