-0.552297 0.466276
-0.534702 0.513196
-0.442815 0.589443
-0.40958 0.726295
-0.407625 0.661779
-0.40176 0.73998
-0.339198 0.608993
-0.319648 0.779081
-0.096774 0.802541
-0.110459 -0.69306
-0.274682 -0.677419
-0.397849 -0.652004
-0.460411 -0.616813
-0.43695 -0.546432
-0.343109 -0.472141
-0.360704 -0.505376
-0.397849 -0.44477
-0.399804 -0.376344
-0.327468 -0.331378
-0.390029 -0.364614
-0.1652 -0.288368
-0.272727 -0.307918
-0.135875 -0.13783
-0.14565 -0.227762
-0.200391 -0.13392
-0.266862 -0.102639
-0.190616 0.010753
-0.245357 -0.045943
-0.151515 0.030303
-0.155425 0.045943
-0.296188 0.112414
-0.393939 0.190616
-0.43695 0.268817
-0.44086 0.360704
-0.44868 0.300098
-0.479961 0.382209
0.139785 0.796676
0.255132 0.781036
0.333333 0.743891
0.345064 0.72825
0.276637 0.628543
0.321603 0.650049
0.274682 0.607038
0.42131 0.571848
0.41349 0.388074
0.491691 0.478006
0.386119 0.360704
0.391984 0.302053
0.241447 0.110459
0.372434 0.229717
0.094819 0.030303
0.167155 -0.004888
0.221896 -0.098729
0.147605 -0.13001
0.085044 -0.14174
0.092864 -0.200391
0.124145 -0.288368
0.262952 -0.313783
0.343109 -0.356794
0.350929 -0.43304
0.352884 -0.376344
0.307918 -0.511241
0.307918 -0.474096
0.356794 -0.524927
0.415445 -0.558162
0.431085 -0.603128
0.395894 -0.630499
0.307918 -0.657869
0.112414 -0.68915
