-0.005124 -1.550808 0.071664 -1.546254 -0.023922 -1.466034
-0.099186 -1.487694 -0.005124 -1.550808 -0.023922 -1.466034
-0.005124 -1.550808 -0.003882 -1.630458 0.071664 -1.546254
-1.022940 -0.724344 -1.102482 -0.781992 -1.014384 -0.802272
-0.937512 -0.794508 -0.865230 -0.825792 -0.856506 -0.744468
-0.759246 -0.769140 -0.856506 -0.744468 -0.865230 -0.825792
-1.022940 -0.724344 -1.014384 -0.802272 -0.937512 -0.794508
-1.193640 -0.782610 -1.102482 -0.781992 -1.141188 -0.716088
-1.231128 -0.521838 -1.259004 -0.596400 -1.129380 -0.620694
-1.141188 -0.716088 -1.202136 -0.666060 -1.193640 -0.782610
-1.259004 -0.596400 -1.202136 -0.666060 -1.129380 -0.620694
-1.109682 -0.514938 -1.180542 -0.452160 -1.231128 -0.521838
-1.129380 -0.620694 -1.202136 -0.666060 -1.141188 -0.716088
-1.129380 -0.620694 -1.029678 -0.599952 -1.109682 -0.514938
-1.029678 -0.599952 -1.129380 -0.620694 -1.022940 -0.724344
-1.022940 -0.724344 -0.943896 -0.709188 -1.029678 -0.599952
-1.022940 -0.724344 -0.937512 -0.794508 -0.943896 -0.709188
-1.129380 -0.620694 -1.141188 -0.716088 -1.022940 -0.724344
-1.029678 -0.599952 -0.943896 -0.709188 -0.948264 -0.562476
-1.102686 -0.421878 -1.180542 -0.452160 -1.109682 -0.514938
-1.102686 -0.421878 -1.109682 -0.514938 -1.037922 -0.470082
-1.037922 -0.470082 -0.948264 -0.562476 -0.938328 -0.455208
-1.037922 -0.470082 -1.109682 -0.514938 -1.029678 -0.599952
-1.029678 -0.599952 -0.948264 -0.562476 -1.037922 -0.470082
-1.014906 -0.382878 -1.102686 -0.421878 -1.037922 -0.470082
-0.943896 -0.709188 -0.857526 -0.658326 -0.948264 -0.562476
-1.109682 -0.514938 -1.231128 -0.521838 -1.129380 -0.620694
-0.857526 -0.658326 -0.856506 -0.744468 -0.782094 -0.693294
-0.948264 -0.562476 -0.857526 -0.658326 -0.841974 -0.577164
-0.841974 -0.577164 -0.782094 -0.693294 -0.763602 -0.566610
-0.782094 -0.693294 -0.841974 -0.577164 -0.857526 -0.658326
-0.782094 -0.693294 -0.856506 -0.744468 -0.759246 -0.769140
-0.841974 -0.577164 -0.887766 -0.512328 -0.948264 -0.562476
-0.938328 -0.455208 -0.887766 -0.512328 -0.826242 -0.460014
-0.938328 -0.455208 -0.948264 -0.562476 -0.887766 -0.512328
-0.773196 -0.398940 -0.826242 -0.460014 -0.736800 -0.489708
-0.826242 -0.460014 -0.887766 -0.512328 -0.841974 -0.577164
-0.736800 -0.489708 -0.826242 -0.460014 -0.763602 -0.566610
-0.938328 -0.455208 -0.826242 -0.460014 -0.860838 -0.367746
-0.841974 -0.577164 -0.763602 -0.566610 -0.826242 -0.460014
-1.014906 -0.382878 -1.037922 -0.470082 -0.938328 -0.455208
-0.763602 -0.566610 -0.782094 -0.693294 -0.723168 -0.636744
-0.857526 -0.658326 -0.943896 -0.709188 -0.856506 -0.744468
-1.102482 -0.781992 -1.022940 -0.724344 -1.141188 -0.716088
-0.773196 -0.398940 -0.860838 -0.367746 -0.826242 -0.460014
-1.035504 -0.275736 -1.014906 -0.382878 -0.943470 -0.323844
-1.035504 -0.275736 -1.136376 -0.339258 -1.014906 -0.382878
-0.943470 -0.323844 -0.939276 -0.244194 -1.035504 -0.275736
-0.939276 -0.244194 -0.943470 -0.323844 -0.874698 -0.289608
-0.938328 -0.455208 -0.943470 -0.323844 -1.014906 -0.382878
-1.035504 -0.275736 -0.939276 -0.244194 -1.048128 -0.191166
-0.985584 -0.113052 -1.048128 -0.191166 -0.907812 -0.167988
-0.907812 -0.167988 -1.048128 -0.191166 -0.939276 -0.244194
-0.874698 -0.289608 -0.860838 -0.367746 -0.797382 -0.310536
-0.838350 -0.216288 -0.939276 -0.244194 -0.874698 -0.289608
-0.718902 -0.133512 -0.839268 -0.128262 -0.838350 -0.216288
-0.797382 -0.310536 -0.838350 -0.216288 -0.874698 -0.289608
-0.860838 -0.367746 -0.773196 -0.398940 -0.797382 -0.310536
-0.838350 -0.216288 -0.907812 -0.167988 -0.939276 -0.244194
-0.908112 -0.010968 -0.910656 -0.090780 -0.809622 -0.052320
-0.839268 -0.128262 -0.809622 -0.052320 -0.910656 -0.090780
-0.839268 -0.128262 -0.907812 -0.167988 -0.838350 -0.216288
-0.718902 -0.133512 -0.809622 -0.052320 -0.839268 -0.128262
-0.839268 -0.128262 -0.910656 -0.090780 -0.907812 -0.167988
-0.910656 -0.090780 -0.985584 -0.113052 -0.907812 -0.167988
-0.815370 0.058710 -0.908112 -0.010968 -0.809622 -0.052320
-0.738552 -0.242856 -0.838350 -0.216288 -0.797382 -0.310536
-0.874698 -0.289608 -0.943470 -0.323844 -0.860838 -0.367746
-0.938328 -0.455208 -0.860838 -0.367746 -0.943470 -0.323844
-0.797382 -0.310536 -0.773196 -0.398940 -0.702828 -0.318744
-1.102686 -0.421878 -1.014906 -0.382878 -1.136376 -0.339258
-0.856506 -0.744468 -0.943896 -0.709188 -0.937512 -0.794508
-0.706284 -0.711702 -0.759246 -0.769140 -0.666762 -0.783060
-0.110142 -1.295352 -0.184014 -1.208958 -0.248538 -1.304508
-0.019320 -1.319292 -0.052278 -1.390428 0.066522 -1.382724
-0.153876 -1.372986 -0.099186 -1.487694 -0.052278 -1.390428
-0.153876 -1.372986 -0.052278 -1.390428 -0.110142 -1.295352
-0.106710 -1.184196 -0.184014 -1.208958 -0.110142 -1.295352
-0.106710 -1.184196 -0.110142 -1.295352 -0.023592 -1.204842
0.045528 -1.083900 -0.063414 -1.119630 -0.023592 -1.204842
-0.019320 -1.319292 -0.023592 -1.204842 -0.110142 -1.295352
-0.110142 -1.295352 -0.052278 -1.390428 -0.019320 -1.319292
-0.106710 -1.184196 -0.023592 -1.204842 -0.063414 -1.119630
-0.052278 -1.390428 -0.023922 -1.466034 0.066522 -1.382724
-0.110142 -1.295352 -0.248538 -1.304508 -0.153876 -1.372986
-0.186750 -1.112268 -0.184014 -1.208958 -0.106710 -1.184196
-0.120018 -1.057182 -0.126714 -0.966360 -0.211734 -0.997080
-0.120018 -1.057182 -0.186750 -1.112268 -0.063414 -1.119630
-0.063414 -1.119630 0.001602 -1.000704 -0.120018 -1.057182
0.045528 -1.083900 0.001602 -1.000704 -0.063414 -1.119630
-0.186750 -1.112268 -0.106710 -1.184196 -0.063414 -1.119630
-0.120018 -1.057182 0.001602 -1.000704 -0.126714 -0.966360
-0.171822 -0.896316 -0.126714 -0.966360 -0.095118 -0.896430
-0.171822 -0.896316 -0.211734 -0.997080 -0.126714 -0.966360
-0.119274 -0.815148 -0.095118 -0.896430 -0.019638 -0.867750
-0.095118 -0.896430 -0.119274 -0.815148 -0.171822 -0.896316
-0.095118 -0.896430 -0.126714 -0.966360 0.001602 -1.000704
-0.119274 -0.815148 -0.019638 -0.867750 -0.030438 -0.763872
0.001602 -1.000704 -0.019638 -0.867750 -0.095118 -0.896430
-0.171822 -0.896316 -0.119274 -0.815148 -0.226482 -0.786636
-0.019638 -0.867750 0.037596 -0.807480 -0.030438 -0.763872
-0.211734 -0.997080 -0.186750 -1.112268 -0.120018 -1.057182
-0.226482 -0.786636 -0.119274 -0.815148 -0.196896 -0.707934
-0.023592 -1.204842 -0.019320 -1.319292 0.061374 -1.305588
-0.052278 -1.390428 -0.099186 -1.487694 -0.023922 -1.466034
-0.723168 -0.636744 -0.706284 -0.711702 -0.639162 -0.672030
-0.723168 -0.636744 -0.782094 -0.693294 -0.706284 -0.711702
-0.723168 -0.636744 -0.639162 -0.672030 -0.649824 -0.526026
-0.582126 -0.574146 -0.639162 -0.672030 -0.529566 -0.637404
-0.666762 -0.783060 -0.639162 -0.672030 -0.706284 -0.711702
-0.649824 -0.526026 -0.639162 -0.672030 -0.582126 -0.574146
-0.670086 -0.450618 -0.702828 -0.318744 -0.773196 -0.398940
-0.670086 -0.450618 -0.736800 -0.489708 -0.649824 -0.526026
-0.649824 -0.526026 -0.578298 -0.481998 -0.670086 -0.450618
-0.578298 -0.481998 -0.649824 -0.526026 -0.582126 -0.574146
-0.763602 -0.566610 -0.649824 -0.526026 -0.736800 -0.489708
-0.611946 -0.367794 -0.670086 -0.450618 -0.578298 -0.481998
-0.582126 -0.574146 -0.475842 -0.540294 -0.578298 -0.481998
-0.763602 -0.566610 -0.723168 -0.636744 -0.649824 -0.526026
-0.475842 -0.540294 -0.582126 -0.574146 -0.529566 -0.637404
-0.529566 -0.637404 -0.555072 -0.720480 -0.457962 -0.758148
-0.457962 -0.758148 -0.420114 -0.650466 -0.529566 -0.637404
-0.666762 -0.783060 -0.555072 -0.720480 -0.639162 -0.672030
-0.529566 -0.637404 -0.420114 -0.650466 -0.475842 -0.540294
-0.578298 -0.481998 -0.441018 -0.432144 -0.541854 -0.404220
-0.578298 -0.481998 -0.475842 -0.540294 -0.441018 -0.432144
-0.429960 -0.336210 -0.441018 -0.432144 -0.373578 -0.393408
-0.399768 -0.528312 -0.441018 -0.432144 -0.475842 -0.540294
-0.475842 -0.540294 -0.420114 -0.650466 -0.399768 -0.528312
-0.541854 -0.404220 -0.441018 -0.432144 -0.429960 -0.336210
-0.529566 -0.637404 -0.639162 -0.672030 -0.555072 -0.720480
-0.611946 -0.367794 -0.578298 -0.481998 -0.541854 -0.404220
-0.738552 -0.242856 -0.702828 -0.318744 -0.661512 -0.193458
-0.738552 -0.242856 -0.797382 -0.310536 -0.702828 -0.318744
-0.625578 -0.098280 -0.661512 -0.193458 -0.580164 -0.193632
-0.702828 -0.318744 -0.596658 -0.279786 -0.661512 -0.193458
-0.702828 -0.318744 -0.670086 -0.450618 -0.611946 -0.367794
-0.738552 -0.242856 -0.661512 -0.193458 -0.718902 -0.133512
-0.728448 -0.034974 -0.718902 -0.133512 -0.625578 -0.098280
-0.728448 -0.034974 -0.809622 -0.052320 -0.718902 -0.133512
-0.648222 -0.021480 -0.625578 -0.098280 -0.531126 -0.071442
-0.625578 -0.098280 -0.648222 -0.021480 -0.728448 -0.034974
-0.718902 -0.133512 -0.661512 -0.193458 -0.625578 -0.098280
-0.815370 0.058710 -0.809622 -0.052320 -0.728448 -0.034974
-0.596658 -0.279786 -0.702828 -0.318744 -0.611946 -0.367794
-0.718902 -0.133512 -0.838350 -0.216288 -0.738552 -0.242856
-0.596658 -0.279786 -0.520608 -0.265056 -0.580164 -0.193632
-0.611946 -0.367794 -0.541854 -0.404220 -0.596658 -0.279786
-0.396702 -0.177900 -0.432450 -0.248244 -0.332010 -0.243174
-0.429960 -0.336210 -0.432450 -0.248244 -0.520608 -0.265056
-0.520608 -0.265056 -0.596658 -0.279786 -0.541854 -0.404220
-0.520608 -0.265056 -0.432450 -0.248244 -0.479964 -0.168954
-0.580164 -0.193632 -0.531126 -0.071442 -0.625578 -0.098280
-0.531126 -0.071442 -0.580164 -0.193632 -0.479964 -0.168954
-0.460236 -0.028194 -0.479964 -0.168954 -0.395694 -0.072882
-0.479964 -0.168954 -0.580164 -0.193632 -0.520608 -0.265056
-0.395694 -0.072882 -0.479964 -0.168954 -0.396702 -0.177900
-0.479964 -0.168954 -0.460236 -0.028194 -0.531126 -0.071442
-0.432450 -0.248244 -0.396702 -0.177900 -0.479964 -0.168954
-0.648222 -0.021480 -0.531126 -0.071442 -0.568272 0.029238
-0.332010 -0.243174 -0.432450 -0.248244 -0.429960 -0.336210
-0.596658 -0.279786 -0.580164 -0.193632 -0.661512 -0.193458
-0.541854 -0.404220 -0.429960 -0.336210 -0.520608 -0.265056
-0.460236 -0.028194 -0.568272 0.029238 -0.531126 -0.071442
-0.336438 -0.484410 -0.441018 -0.432144 -0.399768 -0.528312
-0.736800 -0.489708 -0.670086 -0.450618 -0.773196 -0.398940
-0.336438 -0.484410 -0.302562 -0.364218 -0.373578 -0.393408
-0.373578 -0.393408 -0.441018 -0.432144 -0.336438 -0.484410
-0.055740 -0.591162 -0.078582 -0.691134 0.060330 -0.675936
-0.078582 -0.691134 -0.196896 -0.707934 -0.119274 -0.815148
-0.030438 -0.763872 -0.078582 -0.691134 -0.119274 -0.815148
-0.332010 -0.243174 -0.302562 -0.364218 -0.216720 -0.319026
-0.396702 -0.177900 -0.332010 -0.243174 -0.320508 -0.151350
-0.199908 -0.084834 -0.288390 -0.081522 -0.246174 -0.188226
-0.216720 -0.319026 -0.246174 -0.188226 -0.332010 -0.243174
-0.332010 -0.243174 -0.246174 -0.188226 -0.320508 -0.151350
-0.395694 -0.072882 -0.320508 -0.151350 -0.288390 -0.081522
-0.395694 -0.072882 -0.396702 -0.177900 -0.320508 -0.151350
-0.395694 -0.072882 -0.288390 -0.081522 -0.342090 0.016344
-0.288390 -0.081522 -0.320508 -0.151350 -0.246174 -0.188226
-0.288390 -0.081522 -0.199908 -0.084834 -0.242076 -0.018042
-0.460236 -0.028194 -0.395694 -0.072882 -0.342090 0.016344
-0.246174 -0.188226 -0.216720 -0.319026 -0.156180 -0.227166
-0.429960 -0.336210 -0.302562 -0.364218 -0.332010 -0.243174
-0.146280 -0.146256 -0.246174 -0.188226 -0.156180 -0.227166
-0.199908 -0.084834 -0.146280 -0.146256 -0.137970 -0.034854
-0.199908 -0.084834 -0.246174 -0.188226 -0.146280 -0.146256
-0.146280 -0.146256 -0.062844 -0.048948 -0.137970 -0.034854
-0.016092 0.060858 -0.062844 -0.048948 0.027336 -0.024474
-0.137970 -0.034854 -0.062844 -0.048948 -0.119190 0.083502
-0.199908 -0.084834 -0.137970 -0.034854 -0.242076 -0.018042
-0.242076 -0.018042 -0.137970 -0.034854 -0.229818 0.073002
-0.429960 -0.336210 -0.373578 -0.393408 -0.302562 -0.364218
-0.686364 0.053052 -0.728448 -0.034974 -0.648222 -0.021480
-0.078582 -0.691134 -0.030438 -0.763872 0.060330 -0.675936
-0.759246 -0.769140 -0.706284 -0.711702 -0.782094 -0.693294
-0.342090 0.016344 -0.288390 -0.081522 -0.242076 -0.018042
-0.815370 0.058710 -0.750360 0.101634 -0.853500 0.131022
-0.750360 0.101634 -0.815370 0.058710 -0.686364 0.053052
-0.775764 0.232824 -0.853500 0.131022 -0.750360 0.101634
-0.714750 0.282696 -0.753222 0.351342 -0.775764 0.232824
-0.753222 0.351342 -0.654018 0.383022 -0.752022 0.431052
-0.678162 0.201300 -0.775764 0.232824 -0.750360 0.101634
-0.752022 0.431052 -0.658020 0.494646 -0.772482 0.512652
-0.678162 0.201300 -0.714750 0.282696 -0.775764 0.232824
-0.750360 0.101634 -0.614046 0.099792 -0.678162 0.201300
-0.678162 0.201300 -0.614046 0.099792 -0.588282 0.211824
-0.568272 0.029238 -0.614046 0.099792 -0.686364 0.053052
-0.728448 -0.034974 -0.686364 0.053052 -0.815370 0.058710
-0.522666 0.092298 -0.588282 0.211824 -0.614046 0.099792
-0.654018 0.383022 -0.714750 0.282696 -0.623946 0.305010
-0.714750 0.282696 -0.678162 0.201300 -0.623946 0.305010
-0.623946 0.305010 -0.519522 0.252714 -0.534672 0.334404
-0.588282 0.211824 -0.519522 0.252714 -0.623946 0.305010
-0.678162 0.201300 -0.588282 0.211824 -0.623946 0.305010
-0.575838 0.399474 -0.623946 0.305010 -0.534672 0.334404
-0.522666 0.092298 -0.614046 0.099792 -0.568272 0.029238
-0.750360 0.101634 -0.686364 0.053052 -0.614046 0.099792
-0.494388 0.166962 -0.522666 0.092298 -0.456666 0.053472
-0.456666 0.053472 -0.522666 0.092298 -0.568272 0.029238
-0.494388 0.166962 -0.456666 0.053472 -0.387588 0.085908
-0.368256 0.159684 -0.387588 0.085908 -0.284604 0.136476
-0.456666 0.053472 -0.342090 0.016344 -0.387588 0.085908
-0.494388 0.166962 -0.387588 0.085908 -0.368256 0.159684
-0.519522 0.252714 -0.494388 0.166962 -0.389748 0.235134
-0.519522 0.252714 -0.588282 0.211824 -0.494388 0.166962
-0.398706 0.365742 -0.456468 0.308820 -0.347502 0.309294
-0.389748 0.235134 -0.456468 0.308820 -0.519522 0.252714
-0.494388 0.166962 -0.368256 0.159684 -0.389748 0.235134
-0.519522 0.252714 -0.456468 0.308820 -0.534672 0.334404
-0.456468 0.308820 -0.389748 0.235134 -0.347502 0.309294
-0.494388 0.166962 -0.588282 0.211824 -0.522666 0.092298
-0.460236 -0.028194 -0.456666 0.053472 -0.568272 0.029238
-0.534672 0.334404 -0.456468 0.308820 -0.487446 0.395436
-0.658020 0.494646 -0.654018 0.383022 -0.575838 0.399474
-0.658020 0.494646 -0.717324 0.573192 -0.772482 0.512652
-0.538716 0.658062 -0.621096 0.636270 -0.597804 0.544374
-0.658020 0.494646 -0.539736 0.467178 -0.597804 0.544374
-0.623946 0.305010 -0.575838 0.399474 -0.654018 0.383022
-0.658020 0.494646 -0.597804 0.544374 -0.717324 0.573192
-0.686940 0.719544 -0.717324 0.573192 -0.621096 0.636270
-0.621096 0.636270 -0.605928 0.723420 -0.686940 0.719544
-0.538716 0.658062 -0.605928 0.723420 -0.621096 0.636270
-0.717324 0.573192 -0.597804 0.544374 -0.621096 0.636270
-0.646668 0.790590 -0.686940 0.719544 -0.605928 0.723420
-0.539736 0.467178 -0.658020 0.494646 -0.575838 0.399474
-0.752022 0.431052 -0.654018 0.383022 -0.658020 0.494646
-0.539736 0.467178 -0.487446 0.395436 -0.405384 0.471156
-0.487446 0.395436 -0.539736 0.467178 -0.575838 0.399474
-0.318810 0.445572 -0.405384 0.471156 -0.398706 0.365742
-0.398706 0.365742 -0.405384 0.471156 -0.487446 0.395436
-0.575838 0.399474 -0.534672 0.334404 -0.487446 0.395436
-0.539736 0.467178 -0.405384 0.471156 -0.520872 0.554142
-0.538716 0.658062 -0.521256 0.748818 -0.605928 0.723420
-0.521256 0.748818 -0.538716 0.658062 -0.426540 0.658608
-0.448104 0.580446 -0.426540 0.658608 -0.538716 0.658062
-0.448104 0.580446 -0.520872 0.554142 -0.405384 0.471156
-0.352902 0.537414 -0.426540 0.658608 -0.448104 0.580446
-0.448104 0.580446 -0.538716 0.658062 -0.520872 0.554142
-0.597804 0.544374 -0.520872 0.554142 -0.538716 0.658062
-0.445542 0.757950 -0.521256 0.748818 -0.426540 0.658608
-0.352902 0.537414 -0.448104 0.580446 -0.405384 0.471156
-0.520872 0.554142 -0.597804 0.544374 -0.539736 0.467178
-0.398706 0.365742 -0.487446 0.395436 -0.456468 0.308820
-0.537882 0.825930 -0.605928 0.723420 -0.521256 0.748818
-0.368256 0.159684 -0.304968 0.213612 -0.389748 0.235134
-0.304968 0.213612 -0.347502 0.309294 -0.389748 0.235134
-0.368256 0.159684 -0.284604 0.136476 -0.304968 0.213612
-0.240576 0.272682 -0.304968 0.213612 -0.176676 0.231120
-0.229818 0.073002 -0.284604 0.136476 -0.342090 0.016344
-0.242076 -0.018042 -0.229818 0.073002 -0.342090 0.016344
-0.284604 0.136476 -0.176676 0.231120 -0.304968 0.213612
-0.299928 0.369150 -0.318810 0.445572 -0.398706 0.365742
-0.299928 0.369150 -0.347502 0.309294 -0.240576 0.272682
-0.240576 0.272682 -0.223686 0.360930 -0.299928 0.369150
-0.154644 0.327120 -0.223686 0.360930 -0.240576 0.272682
-0.347502 0.309294 -0.304968 0.213612 -0.240576 0.272682
-0.203550 0.444798 -0.299928 0.369150 -0.223686 0.360930
-0.175560 0.136092 -0.284604 0.136476 -0.229818 0.073002
-0.398706 0.365742 -0.347502 0.309294 -0.299928 0.369150
-0.175560 0.136092 -0.119190 0.083502 -0.075102 0.149244
-0.119190 0.083502 -0.175560 0.136092 -0.229818 0.073002
-0.091488 0.232842 -0.075102 0.149244 0.018018 0.176472
-0.016092 0.060858 -0.075102 0.149244 -0.119190 0.083502
-0.137970 -0.034854 -0.119190 0.083502 -0.229818 0.073002
-0.175560 0.136092 -0.075102 0.149244 -0.091488 0.232842
-0.176676 0.231120 -0.154644 0.327120 -0.240576 0.272682
-0.154644 0.327120 -0.176676 0.231120 -0.091488 0.232842
-0.091488 0.232842 -0.055188 0.366294 -0.154644 0.327120
0.012522 0.289176 -0.055188 0.366294 -0.091488 0.232842
-0.176676 0.231120 -0.175560 0.136092 -0.091488 0.232842
-0.223686 0.360930 -0.154644 0.327120 -0.203550 0.444798
-0.055188 0.366294 0.072570 0.364530 -0.014172 0.432024
-0.175560 0.136092 -0.176676 0.231120 -0.284604 0.136476
-0.062844 -0.048948 -0.016092 0.060858 -0.119190 0.083502
-0.055188 0.366294 -0.100026 0.440268 -0.154644 0.327120
-0.352902 0.537414 -0.318810 0.445572 -0.279156 0.513096
-0.352902 0.537414 -0.405384 0.471156 -0.318810 0.445572
-0.279156 0.513096 -0.203550 0.444798 -0.205440 0.538908
-0.203550 0.444798 -0.279156 0.513096 -0.318810 0.445572
-0.299928 0.369150 -0.203550 0.444798 -0.318810 0.445572
-0.352902 0.537414 -0.279156 0.513096 -0.297318 0.594318
-0.349680 0.719850 -0.297318 0.594318 -0.220740 0.678552
-0.349680 0.719850 -0.426540 0.658608 -0.297318 0.594318
-0.220740 0.678552 -0.205440 0.538908 -0.154812 0.639036
-0.205440 0.538908 -0.220740 0.678552 -0.297318 0.594318
-0.297318 0.594318 -0.279156 0.513096 -0.205440 0.538908
-0.255672 0.790986 -0.349680 0.719850 -0.220740 0.678552
-0.203550 0.444798 -0.125286 0.536940 -0.205440 0.538908
-0.297318 0.594318 -0.426540 0.658608 -0.352902 0.537414
-0.125286 0.536940 -0.100026 0.440268 -0.053094 0.508398
-0.125286 0.536940 -0.154812 0.639036 -0.205440 0.538908
-0.026196 0.597120 -0.053094 0.508398 0.021660 0.526500
-0.014172 0.432024 -0.053094 0.508398 -0.100026 0.440268
-0.203550 0.444798 -0.154644 0.327120 -0.100026 0.440268
-0.125286 0.536940 -0.053094 0.508398 -0.026196 0.597120
-0.154812 0.639036 -0.093354 0.732630 -0.220740 0.678552
-0.093354 0.732630 -0.154812 0.639036 -0.074454 0.656688
-0.074454 0.656688 -0.026196 0.597120 -0.006714 0.693150
-0.074454 0.656688 -0.154812 0.639036 -0.125286 0.536940
0.049014 0.635412 -0.006714 0.693150 -0.026196 0.597120
-0.074454 0.656688 -0.006714 0.693150 -0.093354 0.732630
-0.125286 0.536940 -0.026196 0.597120 -0.074454 0.656688
-0.086088 0.816888 -0.093354 0.732630 0.018708 0.765888
-0.014172 0.432024 0.021660 0.526500 -0.053094 0.508398
-0.125286 0.536940 -0.203550 0.444798 -0.100026 0.440268
-0.014172 0.432024 -0.100026 0.440268 -0.055188 0.366294
-0.445542 0.757950 -0.426540 0.658608 -0.349680 0.719850
0.018018 0.176472 -0.075102 0.149244 -0.016092 0.060858
-0.342090 0.016344 -0.284604 0.136476 -0.387588 0.085908
-0.648222 -0.021480 -0.568272 0.029238 -0.686364 0.053052
-0.093354 0.732630 -0.169110 0.809076 -0.220740 0.678552
-0.720060 0.907626 -0.646668 0.790590 -0.606690 0.865386
-0.720060 0.907626 -0.606690 0.865386 -0.639984 0.964230
-0.537882 0.825930 -0.557652 0.945072 -0.606690 0.865386
-0.606690 0.865386 -0.646668 0.790590 -0.537882 0.825930
-0.639984 0.964230 -0.606690 0.865386 -0.557652 0.945072
-0.617772 1.048482 -0.639984 0.964230 -0.557652 0.945072
-0.557652 0.945072 -0.541674 1.041312 -0.617772 1.048482
-0.474300 0.889320 -0.483600 0.965646 -0.557652 0.945072
-0.474300 0.889320 -0.537882 0.825930 -0.445542 0.757950
-0.445542 0.757950 -0.399426 0.845322 -0.474300 0.889320
-0.399426 0.845322 -0.445542 0.757950 -0.330264 0.811284
-0.646668 0.790590 -0.605928 0.723420 -0.537882 0.825930
-0.483600 0.965646 -0.474300 0.889320 -0.378402 0.963918
-0.617772 1.048482 -0.541674 1.041312 -0.563064 1.122240
-0.485778 1.103562 -0.541674 1.041312 -0.431856 1.036680
-0.483600 0.965646 -0.431856 1.036680 -0.541674 1.041312
-0.378402 0.963918 -0.431856 1.036680 -0.483600 0.965646
-0.557652 0.945072 -0.483600 0.965646 -0.541674 1.041312
-0.485778 1.103562 -0.431856 1.036680 -0.406512 1.110876
-0.431856 1.036680 -0.334086 1.084536 -0.406512 1.110876
-0.557652 0.945072 -0.537882 0.825930 -0.474300 0.889320
-0.521256 0.748818 -0.445542 0.757950 -0.537882 0.825930
-0.485778 1.103562 -0.563064 1.122240 -0.541674 1.041312
-0.658656 1.113402 -0.563064 1.122240 -0.579366 1.210368
-0.458034 1.298040 -0.579366 1.210368 -0.484980 1.183320
-0.563064 1.122240 -0.485778 1.103562 -0.484980 1.183320
-0.406512 1.110876 -0.394410 1.186632 -0.484980 1.183320
-0.334086 1.084536 -0.394410 1.186632 -0.406512 1.110876
-0.658656 1.113402 -0.617772 1.048482 -0.563064 1.122240
-0.484980 1.183320 -0.394410 1.186632 -0.458034 1.298040
-0.507138 1.390788 -0.606066 1.431246 -0.555918 1.331736
-0.606066 1.431246 -0.507138 1.390788 -0.515916 1.467990
-0.507138 1.390788 -0.458034 1.298040 -0.436074 1.418970
-0.458034 1.298040 -0.507138 1.390788 -0.555918 1.331736
-0.379902 1.295334 -0.436074 1.418970 -0.458034 1.298040
-0.507138 1.390788 -0.436074 1.418970 -0.515916 1.467990
-0.579366 1.210368 -0.458034 1.298040 -0.555918 1.331736
-0.432366 1.506450 -0.515916 1.467990 -0.436074 1.418970
-0.458034 1.298040 -0.394410 1.186632 -0.379902 1.295334
-0.484980 1.183320 -0.579366 1.210368 -0.563064 1.122240
-0.406512 1.110876 -0.484980 1.183320 -0.485778 1.103562
-0.474300 0.889320 -0.399426 0.845322 -0.378402 0.963918
-0.333402 0.902052 -0.330264 0.811284 -0.245118 0.905940
-0.333402 0.902052 -0.378402 0.963918 -0.399426 0.845322
-0.255672 0.790986 -0.245118 0.905940 -0.330264 0.811284
-0.170070 0.955560 -0.283068 1.006596 -0.245118 0.905940
-0.445542 0.757950 -0.349680 0.719850 -0.330264 0.811284
-0.333402 0.902052 -0.245118 0.905940 -0.283068 1.006596
-0.394410 1.186632 -0.334086 1.084536 -0.265902 1.147842
-0.334086 1.084536 -0.378402 0.963918 -0.283068 1.006596
-0.283068 1.006596 -0.205746 1.032288 -0.334086 1.084536
-0.283068 1.006596 -0.378402 0.963918 -0.333402 0.902052
-0.283068 1.006596 -0.170070 0.955560 -0.205746 1.032288
-0.265902 1.147842 -0.334086 1.084536 -0.205746 1.032288
-0.245118 0.905940 -0.255672 0.790986 -0.169110 0.809076
-0.333402 0.902052 -0.399426 0.845322 -0.330264 0.811284
-0.108480 0.895530 -0.170070 0.955560 -0.245118 0.905940
-0.108480 0.895530 -0.169110 0.809076 -0.086088 0.816888
-0.108480 0.895530 0.004554 0.879588 -0.039528 0.945090
-0.086088 0.816888 0.004554 0.879588 -0.108480 0.895530
-0.255672 0.790986 -0.220740 0.678552 -0.169110 0.809076
-0.108480 0.895530 -0.039528 0.945090 -0.100992 0.991704
-0.100992 0.991704 -0.205746 1.032288 -0.170070 0.955560
-0.205746 1.032288 -0.100992 0.991704 -0.124770 1.097574
-0.056184 1.053438 -0.032898 1.136406 -0.124770 1.097574
-0.056184 1.053438 -0.100992 0.991704 -0.039528 0.945090
0.023682 1.034526 -0.032898 1.136406 -0.056184 1.053438
-0.056184 1.053438 -0.124770 1.097574 -0.100992 0.991704
-0.170070 0.955560 -0.108480 0.895530 -0.100992 0.991704
-0.265902 1.147842 -0.205746 1.032288 -0.124770 1.097574
-0.056184 1.053438 -0.039528 0.945090 0.023682 1.034526
-0.108480 0.895530 -0.245118 0.905940 -0.169110 0.809076
-0.349680 0.719850 -0.255672 0.790986 -0.330264 0.811284
-0.130506 1.183104 -0.124770 1.097574 -0.032898 1.136406
-0.301740 1.332690 -0.379902 1.295334 -0.278226 1.236750
-0.394410 1.186632 -0.278226 1.236750 -0.379902 1.295334
-0.265902 1.147842 -0.205314 1.199412 -0.278226 1.236750
-0.265902 1.147842 -0.124770 1.097574 -0.205314 1.199412
-0.265902 1.147842 -0.278226 1.236750 -0.394410 1.186632
-0.159738 1.262412 -0.216882 1.326474 -0.278226 1.236750
-0.349068 1.413114 -0.301740 1.332690 -0.258222 1.419294
-0.301740 1.332690 -0.349068 1.413114 -0.379902 1.295334
-0.258222 1.419294 -0.216882 1.326474 -0.179772 1.402578
-0.216882 1.326474 -0.258222 1.419294 -0.301740 1.332690
-0.301740 1.332690 -0.278226 1.236750 -0.216882 1.326474
-0.277800 1.505958 -0.349068 1.413114 -0.258222 1.419294
-0.278226 1.236750 -0.205314 1.199412 -0.159738 1.262412
-0.379902 1.295334 -0.349068 1.413114 -0.436074 1.418970
-0.159738 1.262412 -0.130506 1.183104 -0.067110 1.272612
-0.130506 1.183104 -0.159738 1.262412 -0.205314 1.199412
-0.129282 1.332960 -0.067110 1.272612 -0.047076 1.372260
-0.067110 1.272612 -0.129282 1.332960 -0.159738 1.262412
-0.130506 1.183104 -0.032898 1.136406 -0.067110 1.272612
-0.129282 1.332960 -0.179772 1.402578 -0.216882 1.326474
-0.199578 1.481148 -0.179772 1.402578 -0.109812 1.437882
-0.199578 1.481148 -0.258222 1.419294 -0.179772 1.402578
-0.109812 1.437882 -0.047076 1.372260 -0.003540 1.449636
-0.109812 1.437882 -0.179772 1.402578 -0.129282 1.332960
0.013884 1.284714 -0.047076 1.372260 -0.067110 1.272612
-0.199578 1.481148 -0.109812 1.437882 -0.141402 1.572504
-0.129282 1.332960 -0.047076 1.372260 -0.109812 1.437882
-0.056508 1.512582 -0.109812 1.437882 -0.003540 1.449636
-0.047076 1.372260 0.086286 1.387350 -0.003540 1.449636
-0.216882 1.326474 -0.159738 1.262412 -0.129282 1.332960
-0.124770 1.097574 -0.130506 1.183104 -0.205314 1.199412
-0.432366 1.506450 -0.436074 1.418970 -0.349068 1.413114
0.026718 1.209036 -0.067110 1.272612 -0.032898 1.136406
-0.334086 1.084536 -0.431856 1.036680 -0.378402 0.963918
-0.086088 0.816888 -0.169110 0.809076 -0.093354 0.732630
-0.625830 1.505892 -0.606066 1.431246 -0.515916 1.467990
0.018708 0.765888 -0.093354 0.732630 -0.006714 0.693150
-0.753222 0.351342 -0.714750 0.282696 -0.654018 0.383022
-0.456666 0.053472 -0.460236 -0.028194 -0.342090 0.016344
-0.258222 1.419294 -0.199578 1.481148 -0.277800 1.505958
-0.625830 1.505892 -0.515916 1.467990 -0.574614 1.563954
-0.511524 1.651182 -0.496224 1.573836 -0.410058 1.633014
-0.432366 1.506450 -0.410058 1.633014 -0.496224 1.573836
-0.410058 1.633014 -0.432366 1.506450 -0.354114 1.515018
-0.574614 1.563954 -0.515916 1.467990 -0.496224 1.573836
-0.511524 1.651182 -0.410058 1.633014 -0.485316 1.726176
-0.396864 1.719726 -0.442962 1.792902 -0.485316 1.726176
-0.485316 1.726176 -0.410058 1.633014 -0.396864 1.719726
-0.410058 1.633014 -0.333648 1.649082 -0.396864 1.719726
-0.496224 1.573836 -0.515916 1.467990 -0.432366 1.506450
-0.396864 1.719726 -0.340230 1.811388 -0.442962 1.792902
-0.354114 1.515018 -0.288414 1.583112 -0.333648 1.649082
-0.288414 1.583112 -0.354114 1.515018 -0.277800 1.505958
-0.277800 1.505958 -0.207048 1.616892 -0.288414 1.583112
-0.277800 1.505958 -0.199578 1.481148 -0.207048 1.616892
-0.432366 1.506450 -0.349068 1.413114 -0.354114 1.515018
-0.288414 1.583112 -0.207048 1.616892 -0.265614 1.690710
-0.265614 1.690710 -0.266064 1.775850 -0.396864 1.719726
-0.396864 1.719726 -0.333648 1.649082 -0.265614 1.690710
-0.144840 1.707270 -0.266064 1.775850 -0.265614 1.690710
-0.266064 1.775850 -0.340230 1.811388 -0.396864 1.719726
-0.333648 1.649082 -0.288414 1.583112 -0.265614 1.690710
-0.271398 1.853190 -0.340230 1.811388 -0.266064 1.775850
-0.265614 1.690710 -0.207048 1.616892 -0.144840 1.707270
-0.442962 1.792902 -0.340230 1.811388 -0.387114 1.922766
-0.141402 1.572504 -0.071340 1.686732 -0.144840 1.707270
-0.071340 1.686732 -0.141402 1.572504 -0.032130 1.621104
-0.056508 1.512582 -0.032130 1.621104 -0.141402 1.572504
0.066582 1.511826 -0.032130 1.621104 -0.056508 1.512582
-0.199578 1.481148 -0.141402 1.572504 -0.207048 1.616892
-0.020298 1.753116 -0.071340 1.686732 0.034044 1.659060
-0.199056 1.822788 -0.144840 1.707270 -0.102876 1.771092
-0.199056 1.822788 -0.266064 1.775850 -0.144840 1.707270
-0.199056 1.822788 -0.102876 1.771092 -0.089778 1.877640
-0.102876 1.771092 -0.144840 1.707270 -0.071340 1.686732
-0.071340 1.686732 -0.020298 1.753116 -0.102876 1.771092
0.002082 1.843266 -0.089778 1.877640 -0.102876 1.771092
0.034044 1.659060 -0.071340 1.686732 -0.032130 1.621104
-0.144840 1.707270 -0.207048 1.616892 -0.141402 1.572504
-0.109812 1.437882 -0.056508 1.512582 -0.141402 1.572504
-0.271398 1.853190 -0.266064 1.775850 -0.199056 1.822788
-0.387114 1.922766 -0.305574 1.995786 -0.379776 2.053536
-0.305574 1.995786 -0.387114 1.922766 -0.257118 1.929786
-0.271398 1.853190 -0.257118 1.929786 -0.387114 1.922766
-0.271398 1.853190 -0.199056 1.822788 -0.257118 1.929786
-0.387114 1.922766 -0.340230 1.811388 -0.271398 1.853190
-0.304380 2.080554 -0.305574 1.995786 -0.226362 2.016642
-0.327546 2.156544 -0.379776 2.053536 -0.304380 2.080554
-0.304380 2.080554 -0.245556 2.168352 -0.327546 2.156544
-0.224328 2.094678 -0.245556 2.168352 -0.304380 2.080554
-0.379776 2.053536 -0.305574 1.995786 -0.304380 2.080554
-0.226362 2.016642 -0.305574 1.995786 -0.257118 1.929786
-0.147474 2.038830 -0.226362 2.016642 -0.156300 1.956000
-0.226362 2.016642 -0.257118 1.929786 -0.156300 1.956000
-0.089778 1.877640 -0.036060 1.951152 -0.156300 1.956000
0.002082 1.843266 -0.036060 1.951152 -0.089778 1.877640
-0.156300 1.956000 -0.257118 1.929786 -0.199056 1.822788
-0.070986 2.047032 -0.156300 1.956000 -0.036060 1.951152
-0.224328 2.094678 -0.147474 2.038830 -0.137250 2.122374
-0.147474 2.038830 -0.224328 2.094678 -0.226362 2.016642
-0.137250 2.122374 -0.070986 2.047032 -0.053370 2.168700
-0.070986 2.047032 -0.137250 2.122374 -0.147474 2.038830
0.022230 2.117640 -0.053370 2.168700 -0.070986 2.047032
-0.137250 2.122374 -0.181194 2.210634 -0.245556 2.168352
-0.147474 2.038830 -0.156300 1.956000 -0.070986 2.047032
-0.137250 2.122374 -0.245556 2.168352 -0.224328 2.094678
-0.011202 2.293476 -0.053370 2.168700 0.014832 2.208972
-0.226362 2.016642 -0.224328 2.094678 -0.304380 2.080554
-0.199056 1.822788 -0.089778 1.877640 -0.156300 1.956000
-0.245556 2.168352 -0.313494 2.239236 -0.327546 2.156544
-0.036060 1.951152 0.020748 2.016486 -0.070986 2.047032
-0.333648 1.649082 -0.410058 1.633014 -0.354114 1.515018
-0.277800 1.505958 -0.354114 1.515018 -0.349068 1.413114
-0.053370 2.168700 -0.181194 2.210634 -0.137250 2.122374
-0.313494 2.239236 -0.181194 2.210634 -0.198936 2.289090
-0.198936 2.289090 -0.123120 2.264688 -0.164796 2.397096
-0.181194 2.210634 -0.053370 2.168700 -0.123120 2.264688
-0.073362 2.340810 -0.011202 2.293476 -0.025482 2.421426
-0.011202 2.293476 -0.073362 2.340810 -0.123120 2.264688
-0.053370 2.168700 -0.011202 2.293476 -0.123120 2.264688
-0.164796 2.397096 -0.123120 2.264688 -0.073362 2.340810
-0.102336 2.457060 -0.164796 2.397096 -0.073362 2.340810
-0.073362 2.340810 -0.025482 2.421426 -0.102336 2.457060
-0.123120 2.264688 -0.198936 2.289090 -0.181194 2.210634
-0.102876 1.771092 -0.020298 1.753116 0.002082 1.843266
-0.245556 2.168352 -0.181194 2.210634 -0.313494 2.239236
-0.025482 2.421426 -0.011202 2.293476 0.067326 2.347584
0.066582 1.511826 -0.056508 1.512582 -0.003540 1.449636
0.052704 -0.897936 -0.019638 -0.867750 0.001602 -1.000704
0.103152 -1.475052 -0.023922 -1.466034 0.071664 -1.546254
-0.003882 -1.630458 0.098124 -1.619538 0.071664 -1.546254
0.071664 -1.546254 0.098124 -1.619538 0.188640 -1.530276
0.188640 -1.530276 0.228168 -1.627086 0.320220 -1.547790
0.188640 -1.530276 0.098124 -1.619538 0.228168 -1.627086
0.188640 -1.530276 0.320220 -1.547790 0.260178 -1.458738
0.071664 -1.546254 0.188640 -1.530276 0.103152 -1.475052
0.383724 -1.495308 0.260178 -1.458738 0.320220 -1.547790
0.066522 -1.382724 0.103152 -1.475052 0.154158 -1.359024
0.066522 -1.382724 -0.023922 -1.466034 0.103152 -1.475052
0.223068 -1.271082 0.122406 -1.257516 0.154158 -1.359024
0.179808 -1.453698 0.154158 -1.359024 0.103152 -1.475052
0.188640 -1.530276 0.179808 -1.453698 0.103152 -1.475052
0.066522 -1.382724 0.154158 -1.359024 0.061374 -1.305588
0.073488 -1.196856 0.045528 -1.083900 -0.023592 -1.204842
0.073488 -1.196856 0.061374 -1.305588 0.122406 -1.257516
0.122406 -1.257516 0.194880 -1.195536 0.073488 -1.196856
0.223068 -1.271082 0.194880 -1.195536 0.122406 -1.257516
0.061374 -1.305588 0.154158 -1.359024 0.122406 -1.257516
0.110172 -1.127652 0.073488 -1.196856 0.194880 -1.195536
0.154158 -1.359024 0.179808 -1.453698 0.257562 -1.365396
-0.023592 -1.204842 0.061374 -1.305588 0.073488 -1.196856
0.257562 -1.365396 0.260178 -1.458738 0.344730 -1.367826
0.257562 -1.365396 0.223068 -1.271082 0.154158 -1.359024
0.257562 -1.365396 0.344730 -1.367826 0.304776 -1.278444
0.414096 -1.406904 0.404016 -1.305582 0.344730 -1.367826
0.260178 -1.458738 0.383724 -1.495308 0.344730 -1.367826
0.304776 -1.278444 0.344730 -1.367826 0.404016 -1.305582
0.223068 -1.271082 0.292296 -1.179000 0.194880 -1.195536
0.292296 -1.179000 0.223068 -1.271082 0.304776 -1.278444
0.304776 -1.278444 0.358650 -1.220730 0.292296 -1.179000
0.358650 -1.220730 0.304776 -1.278444 0.404016 -1.305582
0.223068 -1.271082 0.257562 -1.365396 0.304776 -1.278444
0.295434 -1.090542 0.292296 -1.179000 0.428688 -1.164042
0.358650 -1.220730 0.428688 -1.164042 0.292296 -1.179000
0.257562 -1.365396 0.179808 -1.453698 0.260178 -1.458738
0.260178 -1.458738 0.179808 -1.453698 0.188640 -1.530276
0.295434 -1.090542 0.194880 -1.195536 0.292296 -1.179000
0.085548 -0.967818 0.052704 -0.897936 0.001602 -1.000704
0.001602 -1.000704 0.112812 -1.039776 0.085548 -0.967818
0.110172 -1.127652 0.112812 -1.039776 0.045528 -1.083900
0.200652 -0.952938 0.085548 -0.967818 0.112812 -1.039776
0.045528 -1.083900 0.073488 -1.196856 0.110172 -1.127652
0.143208 -0.871866 0.085548 -0.967818 0.200652 -0.952938
0.037596 -0.807480 0.052704 -0.897936 0.143208 -0.871866
0.037596 -0.807480 -0.019638 -0.867750 0.052704 -0.897936
0.037596 -0.807480 0.143208 -0.871866 0.095904 -0.747396
0.252336 -0.791574 0.172446 -0.757536 0.143208 -0.871866
0.052704 -0.897936 0.085548 -0.967818 0.143208 -0.871866
0.095904 -0.747396 0.143208 -0.871866 0.172446 -0.757536
0.180420 -1.076646 0.112812 -1.039776 0.110172 -1.127652
0.037596 -0.807480 0.095904 -0.747396 -0.030438 -0.763872
0.180420 -1.076646 0.242946 -1.019976 0.200652 -0.952938
0.242946 -1.019976 0.180420 -1.076646 0.295434 -1.090542
0.295434 -1.090542 0.320790 -1.002510 0.242946 -1.019976
0.410328 -1.075866 0.320790 -1.002510 0.295434 -1.090542
0.110172 -1.127652 0.194880 -1.195536 0.180420 -1.076646
0.242946 -1.019976 0.320790 -1.002510 0.200652 -0.952938
0.256860 -0.875166 0.143208 -0.871866 0.200652 -0.952938
0.143208 -0.871866 0.256860 -0.875166 0.252336 -0.791574
0.256860 -0.875166 0.337044 -0.909690 0.343896 -0.817026
0.256860 -0.875166 0.200652 -0.952938 0.320790 -1.002510
0.442452 -0.884736 0.343896 -0.817026 0.337044 -0.909690
0.256860 -0.875166 0.343896 -0.817026 0.252336 -0.791574
0.320790 -1.002510 0.337044 -0.909690 0.256860 -0.875166
0.227556 -0.682092 0.172446 -0.757536 0.252336 -0.791574
0.337044 -0.909690 0.320790 -1.002510 0.409344 -0.978546
0.180420 -1.076646 0.200652 -0.952938 0.112812 -1.039776
0.194880 -1.195536 0.295434 -1.090542 0.180420 -1.076646
0.343896 -0.817026 0.320346 -0.690816 0.252336 -0.791574
0.493770 -1.222398 0.358650 -1.220730 0.404016 -1.305582
-0.019320 -1.319292 0.066522 -1.382724 0.061374 -1.305588
0.344730 -1.367826 0.383724 -1.495308 0.414096 -1.406904
0.428688 -1.164042 0.493254 -1.119042 0.410328 -1.075866
0.493254 -1.119042 0.428688 -1.164042 0.493770 -1.222398
0.428688 -1.164042 0.358650 -1.220730 0.493770 -1.222398
0.428688 -1.164042 0.410328 -1.075866 0.295434 -1.090542
0.409344 -0.978546 0.410328 -1.075866 0.517026 -1.034904
0.410328 -1.075866 0.409344 -0.978546 0.320790 -1.002510
0.517026 -1.034904 0.490320 -0.945468 0.409344 -0.978546
0.493254 -1.119042 0.517026 -1.034904 0.410328 -1.075866
0.409344 -0.978546 0.490320 -0.945468 0.442452 -0.884736
0.423216 -0.810540 0.442452 -0.884736 0.513678 -0.846810
0.423216 -0.810540 0.343896 -0.817026 0.442452 -0.884736
0.513678 -0.846810 0.544278 -0.766512 0.423216 -0.810540
0.442452 -0.884736 0.490320 -0.945468 0.513678 -0.846810
0.384252 -0.732756 0.343896 -0.817026 0.423216 -0.810540
0.442452 -0.884736 0.337044 -0.909690 0.409344 -0.978546
0.544278 -0.766512 0.492738 -0.687894 0.423216 -0.810540
0.026100 -0.584370 0.060330 -0.675936 0.103818 -0.574020
0.026100 -0.584370 -0.055740 -0.591162 0.060330 -0.675936
0.060330 -0.675936 0.150276 -0.639774 0.103818 -0.574020
0.150276 -0.639774 0.060330 -0.675936 0.095904 -0.747396
-0.030438 -0.763872 0.095904 -0.747396 0.060330 -0.675936
0.209232 -0.557178 0.150276 -0.639774 0.227556 -0.682092
0.150276 -0.639774 0.095904 -0.747396 0.172446 -0.757536
0.332820 -0.521886 0.285834 -0.602178 0.362976 -0.595302
0.320346 -0.690816 0.285834 -0.602178 0.227556 -0.682092
0.227556 -0.682092 0.252336 -0.791574 0.320346 -0.690816
0.209232 -0.557178 0.227556 -0.682092 0.285834 -0.602178
0.209232 -0.557178 0.285834 -0.602178 0.332820 -0.521886
0.209232 -0.557178 0.103818 -0.574020 0.150276 -0.639774
0.172446 -0.757536 0.227556 -0.682092 0.150276 -0.639774
0.362976 -0.595302 0.285834 -0.602178 0.320346 -0.690816
0.081840 0.104022 -0.016092 0.060858 0.027336 -0.024474
0.320346 -0.690816 0.435846 -0.621396 0.362976 -0.595302
0.435846 -0.621396 0.320346 -0.690816 0.384252 -0.732756
0.502926 -0.572610 0.416016 -0.526602 0.435846 -0.621396
0.492738 -0.687894 0.435846 -0.621396 0.384252 -0.732756
0.423216 -0.810540 0.492738 -0.687894 0.384252 -0.732756
0.362976 -0.595302 0.435846 -0.621396 0.416016 -0.526602
0.435846 -0.621396 0.492738 -0.687894 0.502926 -0.572610
0.659064 -0.016338 0.631674 -0.095988 0.737748 -0.034788
0.631674 -0.095988 0.659064 -0.016338 0.576384 -0.012702
0.645900 0.073260 0.576384 -0.012702 0.659064 -0.016338
0.362976 -0.595302 0.416016 -0.526602 0.332820 -0.521886
0.384252 -0.732756 0.320346 -0.690816 0.343896 -0.817026
0.001602 -1.000704 0.045528 -1.083900 0.112812 -1.039776
0.659064 -0.016338 0.737748 -0.034788 0.746202 0.058086
0.807270 0.004440 0.737748 -0.034788 0.835614 -0.078276
0.835614 -0.078276 0.903612 -0.031650 0.807270 0.004440
0.737748 -0.034788 0.734358 -0.137364 0.835614 -0.078276
0.835968 0.079302 0.807270 0.004440 0.903612 -0.031650
0.734358 -0.137364 0.737748 -0.034788 0.631674 -0.095988
0.934434 0.057870 0.903612 -0.031650 0.979260 -0.005250
1.060530 -0.001680 1.020984 0.064416 0.979260 -0.005250
1.142376 -0.001500 1.107546 0.109218 1.060530 -0.001680
0.746202 0.058086 0.737748 -0.034788 0.807270 0.004440
0.074022 0.233400 0.018018 0.176472 0.081840 0.104022
-0.016092 0.060858 0.081840 0.104022 0.018018 0.176472
0.136638 0.037422 0.165330 0.127338 0.081840 0.104022
0.165330 0.127338 0.136638 0.037422 0.273792 0.068802
0.027336 -0.024474 0.136638 0.037422 0.081840 0.104022
0.147306 0.204450 0.081840 0.104022 0.165330 0.127338
0.012522 0.289176 0.074022 0.233400 0.121056 0.295608
0.074022 0.233400 0.012522 0.289176 0.018018 0.176472
0.121056 0.295608 0.147306 0.204450 0.202308 0.260400
0.147306 0.204450 0.121056 0.295608 0.074022 0.233400
0.074022 0.233400 0.081840 0.104022 0.147306 0.204450
0.072570 0.364530 0.012522 0.289176 0.121056 0.295608
0.165330 0.127338 0.221394 0.179256 0.147306 0.204450
0.012522 0.289176 -0.091488 0.232842 0.018018 0.176472
0.221394 0.179256 0.273792 0.068802 0.308508 0.151956
0.273792 0.068802 0.221394 0.179256 0.165330 0.127338
0.399972 0.248616 0.293652 0.232932 0.308508 0.151956
0.354060 0.056268 0.308508 0.151956 0.273792 0.068802
0.221394 0.179256 0.308508 0.151956 0.293652 0.232932
0.202308 0.260400 0.293652 0.232932 0.313110 0.317208
0.293652 0.232932 0.202308 0.260400 0.221394 0.179256
0.219594 0.365742 0.202308 0.260400 0.313110 0.317208
0.399972 0.248616 0.393564 0.335886 0.313110 0.317208
0.399972 0.248616 0.313110 0.317208 0.293652 0.232932
0.121056 0.295608 0.202308 0.260400 0.219594 0.365742
0.308508 0.151956 0.354060 0.056268 0.395178 0.124836
0.221394 0.179256 0.202308 0.260400 0.147306 0.204450
0.393564 0.335886 0.291936 0.401022 0.313110 0.317208
0.063738 0.452382 0.072570 0.364530 0.183792 0.436554
0.021660 0.526500 -0.014172 0.432024 0.063738 0.452382
0.160932 0.611100 0.124668 0.522498 0.229968 0.556962
0.183792 0.436554 0.124668 0.522498 0.063738 0.452382
0.072570 0.364530 0.219594 0.365742 0.183792 0.436554
0.063738 0.452382 0.124668 0.522498 0.021660 0.526500
0.122814 0.683400 -0.006714 0.693150 0.049014 0.635412
0.021660 0.526500 0.124668 0.522498 0.049014 0.635412
0.122814 0.683400 0.160932 0.611100 0.231216 0.644298
0.160932 0.611100 0.122814 0.683400 0.049014 0.635412
0.124668 0.522498 0.160932 0.611100 0.049014 0.635412
0.122814 0.683400 0.018708 0.765888 -0.006714 0.693150
0.124668 0.522498 0.183792 0.436554 0.229968 0.556962
-0.014172 0.432024 0.072570 0.364530 0.063738 0.452382
0.256440 0.480570 0.229968 0.556962 0.183792 0.436554
0.183792 0.436554 0.291936 0.401022 0.256440 0.480570
0.291936 0.401022 0.341814 0.461238 0.256440 0.480570
0.341814 0.461238 0.291936 0.401022 0.393564 0.335886
0.219594 0.365742 0.313110 0.317208 0.291936 0.401022
0.256440 0.480570 0.341814 0.461238 0.313968 0.602334
0.122814 0.683400 0.231216 0.644298 0.190518 0.724098
0.160932 0.611100 0.229968 0.556962 0.231216 0.644298
0.231216 0.644298 0.313968 0.602334 0.298128 0.684738
0.313968 0.602334 0.231216 0.644298 0.229968 0.556962
0.408426 0.565098 0.313968 0.602334 0.341814 0.461238
0.231216 0.644298 0.298128 0.684738 0.190518 0.724098
0.229968 0.556962 0.256440 0.480570 0.313968 0.602334
0.266640 0.754350 0.190518 0.724098 0.298128 0.684738
0.313968 0.602334 0.407562 0.692496 0.298128 0.684738
0.219594 0.365742 0.291936 0.401022 0.183792 0.436554
0.072570 0.364530 0.121056 0.295608 0.219594 0.365742
0.122814 0.683400 0.190518 0.724098 0.134640 0.780582
0.445614 0.469620 0.341814 0.461238 0.393564 0.335886
-0.026196 0.597120 0.021660 0.526500 0.049014 0.635412
0.524076 0.212190 0.449208 0.186426 0.531168 0.108204
0.395178 0.124836 0.531168 0.108204 0.449208 0.186426
0.395178 0.124836 0.449208 0.186426 0.399972 0.248616
0.481116 0.275682 0.504864 0.352950 0.393564 0.335886
0.399972 0.248616 0.449208 0.186426 0.481116 0.275682
0.561558 0.290862 0.481116 0.275682 0.524076 0.212190
0.481116 0.275682 0.561558 0.290862 0.504864 0.352950
0.449208 0.186426 0.524076 0.212190 0.481116 0.275682
0.504864 0.352950 0.445614 0.469620 0.393564 0.335886
0.531168 0.108204 0.395178 0.124836 0.503064 0.036600
0.481116 0.275682 0.393564 0.335886 0.399972 0.248616
0.625044 0.242904 0.524076 0.212190 0.583776 0.164658
0.583776 0.164658 0.531168 0.108204 0.645900 0.073260
0.645900 0.073260 0.713958 0.141984 0.583776 0.164658
0.713958 0.141984 0.645900 0.073260 0.746202 0.058086
0.503064 0.036600 0.576384 -0.012702 0.531168 0.108204
0.583776 0.164658 0.713958 0.141984 0.698202 0.220602
0.561558 0.290862 0.625044 0.242904 0.675846 0.333732
0.561558 0.290862 0.524076 0.212190 0.625044 0.242904
0.651042 0.416184 0.675846 0.333732 0.763878 0.368508
0.698202 0.220602 0.675846 0.333732 0.625044 0.242904
0.625044 0.242904 0.583776 0.164658 0.698202 0.220602
0.504864 0.352950 0.561558 0.290862 0.583968 0.369300
0.748794 0.282372 0.675846 0.333732 0.698202 0.220602
0.583776 0.164658 0.524076 0.212190 0.531168 0.108204
0.645900 0.073260 0.531168 0.108204 0.576384 -0.012702
0.583968 0.369300 0.561558 0.290862 0.675846 0.333732
0.408426 0.565098 0.445614 0.469620 0.505680 0.559212
0.408426 0.565098 0.341814 0.461238 0.445614 0.469620
0.567318 0.625020 0.505680 0.559212 0.584274 0.525708
0.534336 0.452340 0.505680 0.559212 0.445614 0.469620
0.504864 0.352950 0.534336 0.452340 0.445614 0.469620
0.408426 0.565098 0.505680 0.559212 0.462654 0.635880
0.407562 0.692496 0.462654 0.635880 0.499656 0.719748
0.462654 0.635880 0.407562 0.692496 0.408426 0.565098
0.499656 0.719748 0.567318 0.625020 0.575754 0.752652
0.567318 0.625020 0.499656 0.719748 0.462654 0.635880
0.462654 0.635880 0.505680 0.559212 0.567318 0.625020
0.481236 0.793716 0.407562 0.692496 0.499656 0.719748
0.505680 0.559212 0.534336 0.452340 0.584274 0.525708
0.407562 0.692496 0.313968 0.602334 0.408426 0.565098
0.661338 0.619278 0.567318 0.625020 0.584274 0.525708
0.534336 0.452340 0.651042 0.416184 0.584274 0.525708
0.651042 0.416184 0.669432 0.495558 0.584274 0.525708
0.669432 0.495558 0.651042 0.416184 0.757968 0.446286
0.583968 0.369300 0.675846 0.333732 0.651042 0.416184
0.584274 0.525708 0.669432 0.495558 0.661338 0.619278
0.681996 0.780438 0.575754 0.752652 0.645666 0.705936
0.575754 0.752652 0.567318 0.625020 0.645666 0.705936
0.661338 0.619278 0.742128 0.619518 0.736092 0.718926
0.756618 0.539826 0.742128 0.619518 0.661338 0.619278
0.791094 0.804270 0.681996 0.780438 0.736092 0.718926
0.661338 0.619278 0.736092 0.718926 0.645666 0.705936
0.661338 0.619278 0.645666 0.705936 0.567318 0.625020
0.681996 0.780438 0.645666 0.705936 0.736092 0.718926
0.661338 0.619278 0.669432 0.495558 0.756618 0.539826
0.534336 0.452340 0.583968 0.369300 0.651042 0.416184
0.504864 0.352950 0.583968 0.369300 0.534336 0.452340
0.298128 0.684738 0.407562 0.692496 0.346866 0.754404
0.698202 0.220602 0.713958 0.141984 0.798702 0.220698
0.399972 0.248616 0.308508 0.151956 0.395178 0.124836
0.481236 0.793716 0.499656 0.719748 0.575754 0.752652
0.004554 0.879588 0.018708 0.765888 0.099318 0.863316
0.004554 0.879588 -0.086088 0.816888 0.018708 0.765888
0.146064 0.928122 0.099318 0.863316 0.220578 0.825570
0.134640 0.780582 0.099318 0.863316 0.018708 0.765888
0.122814 0.683400 0.134640 0.780582 0.018708 0.765888
0.004554 0.879588 0.099318 0.863316 0.074502 0.976920
0.023682 1.034526 0.074502 0.976920 0.100926 1.051194
0.023682 1.034526 -0.039528 0.945090 0.074502 0.976920
0.178788 1.003170 0.074502 0.976920 0.146064 0.928122
0.074502 0.976920 0.178788 1.003170 0.100926 1.051194
0.074502 0.976920 0.099318 0.863316 0.146064 0.928122
0.023682 1.034526 0.100926 1.051194 0.071382 1.128516
0.099318 0.863316 0.134640 0.780582 0.220578 0.825570
-0.032898 1.136406 0.023682 1.034526 0.071382 1.128516
0.220578 0.825570 0.266640 0.754350 0.291918 0.867852
0.220578 0.825570 0.134640 0.780582 0.190518 0.724098
0.359976 0.908748 0.291918 0.867852 0.393636 0.818112
0.346866 0.754404 0.291918 0.867852 0.266640 0.754350
0.266640 0.754350 0.298128 0.684738 0.346866 0.754404
0.220578 0.825570 0.291918 0.867852 0.247056 0.945924
0.178788 1.003170 0.247056 0.945924 0.292554 1.008642
0.178788 1.003170 0.146064 0.928122 0.247056 0.945924
0.347370 1.066218 0.292554 1.008642 0.398634 1.000692
0.359976 0.908748 0.292554 1.008642 0.247056 0.945924
0.247056 0.945924 0.291918 0.867852 0.359976 0.908748
0.100926 1.051194 0.178788 1.003170 0.178074 1.083498
0.291918 0.867852 0.346866 0.754404 0.393636 0.818112
0.247056 0.945924 0.146064 0.928122 0.220578 0.825570
0.266640 0.754350 0.220578 0.825570 0.190518 0.724098
0.265932 1.081164 0.178788 1.003170 0.292554 1.008642
0.026718 1.209036 0.071382 1.128516 0.143694 1.187976
0.026718 1.209036 -0.032898 1.136406 0.071382 1.128516
0.216918 1.275372 0.127272 1.280832 0.143694 1.187976
0.178074 1.083498 0.143694 1.187976 0.071382 1.128516
0.071382 1.128516 0.100926 1.051194 0.178074 1.083498
0.026718 1.209036 0.143694 1.187976 0.127272 1.280832
0.086286 1.387350 0.066582 1.511826 -0.003540 1.449636
0.086286 1.387350 0.013884 1.284714 0.127272 1.280832
0.086286 1.387350 0.221742 1.354866 0.138540 1.443168
0.127272 1.280832 0.221742 1.354866 0.086286 1.387350
0.013884 1.284714 0.026718 1.209036 0.127272 1.280832
0.086286 1.387350 0.138540 1.443168 0.066582 1.511826
0.143694 1.187976 0.178074 1.083498 0.229758 1.158312
0.013884 1.284714 -0.067110 1.272612 0.026718 1.209036
0.229758 1.158312 0.265932 1.081164 0.326142 1.199040
0.265932 1.081164 0.229758 1.158312 0.178074 1.083498
0.366696 1.267698 0.294300 1.292490 0.326142 1.199040
0.265932 1.081164 0.378930 1.143018 0.326142 1.199040
0.178074 1.083498 0.178788 1.003170 0.265932 1.081164
0.229758 1.158312 0.326142 1.199040 0.216918 1.275372
0.216918 1.275372 0.221742 1.354866 0.127272 1.280832
0.221742 1.354866 0.216918 1.275372 0.294300 1.292490
0.294300 1.292490 0.352020 1.343652 0.298944 1.418406
0.366696 1.267698 0.352020 1.343652 0.294300 1.292490
0.298944 1.418406 0.352020 1.343652 0.398304 1.414812
0.294300 1.292490 0.298944 1.418406 0.221742 1.354866
0.216918 1.275372 0.326142 1.199040 0.294300 1.292490
0.138540 1.443168 0.221742 1.354866 0.216216 1.500744
0.347370 1.066218 0.378930 1.143018 0.265932 1.081164
0.229758 1.158312 0.216918 1.275372 0.143694 1.187976
0.292554 1.008642 0.347370 1.066218 0.265932 1.081164
0.298944 1.418406 0.216216 1.500744 0.221742 1.354866
0.398634 1.000692 0.292554 1.008642 0.359976 0.908748
0.013884 1.284714 0.086286 1.387350 -0.047076 1.372260
0.475614 0.917664 0.398634 1.000692 0.359976 0.908748
0.475614 0.917664 0.393636 0.818112 0.481236 0.793716
0.481236 0.793716 0.560430 0.841236 0.475614 0.917664
0.481236 0.793716 0.575754 0.752652 0.560430 0.841236
0.346866 0.754404 0.407562 0.692496 0.393636 0.818112
0.524706 0.981744 0.475614 0.917664 0.595860 0.935694
0.457020 1.064034 0.378930 1.143018 0.347370 1.066218
0.457020 1.064034 0.398634 1.000692 0.524706 0.981744
0.524706 0.981744 0.537198 1.092072 0.457020 1.064034
0.600426 1.039878 0.537198 1.092072 0.524706 0.981744
0.398634 1.000692 0.475614 0.917664 0.524706 0.981744
0.457020 1.064034 0.537198 1.092072 0.454992 1.149294
0.595860 0.935694 0.475614 0.917664 0.560430 0.841236
0.457020 1.064034 0.347370 1.066218 0.398634 1.000692
0.660246 0.858702 0.681996 0.780438 0.738156 0.861288
0.660246 0.858702 0.595860 0.935694 0.560430 0.841236
0.667344 1.000656 0.747726 1.041258 0.656796 1.112118
0.738156 0.861288 0.707346 0.932352 0.660246 0.858702
0.738156 0.861288 0.681996 0.780438 0.791094 0.804270
0.660246 0.858702 0.707346 0.932352 0.595860 0.935694
0.595860 0.935694 0.600426 1.039878 0.524706 0.981744
0.600426 1.039878 0.595860 0.935694 0.667344 1.000656
0.747726 1.041258 0.737604 1.117356 0.656796 1.112118
0.667344 1.000656 0.656796 1.112118 0.600426 1.039878
0.595860 0.935694 0.707346 0.932352 0.667344 1.000656
0.600426 1.039878 0.656796 1.112118 0.537198 1.092072
0.747726 1.041258 0.667344 1.000656 0.707346 0.932352
0.560430 0.841236 0.575754 0.752652 0.660246 0.858702
0.407562 0.692496 0.481236 0.793716 0.393636 0.818112
0.537198 1.092072 0.656796 1.112118 0.612978 1.180872
0.366696 1.267698 0.378930 1.143018 0.454992 1.149294
0.366696 1.267698 0.326142 1.199040 0.378930 1.143018
0.520860 1.319988 0.451404 1.285422 0.528318 1.192434
0.454992 1.149294 0.451404 1.285422 0.366696 1.267698
0.457020 1.064034 0.454992 1.149294 0.378930 1.143018
0.468282 1.382520 0.352020 1.343652 0.451404 1.285422
0.398304 1.414812 0.468282 1.382520 0.503400 1.456974
0.352020 1.343652 0.468282 1.382520 0.398304 1.414812
0.602082 1.399512 0.468282 1.382520 0.520860 1.319988
0.468282 1.382520 0.602082 1.399512 0.503400 1.456974
0.451404 1.285422 0.520860 1.319988 0.468282 1.382520
0.298944 1.418406 0.398304 1.414812 0.314934 1.524558
0.451404 1.285422 0.454992 1.149294 0.528318 1.192434
0.451404 1.285422 0.352020 1.343652 0.366696 1.267698
0.597258 1.262790 0.528318 1.192434 0.612978 1.180872
0.454992 1.149294 0.537198 1.092072 0.528318 1.192434
0.767796 1.311960 0.661842 1.317072 0.715446 1.194762
0.715446 1.194762 0.612978 1.180872 0.656796 1.112118
0.612978 1.180872 0.528318 1.192434 0.537198 1.092072
0.597258 1.262790 0.612978 1.180872 0.715446 1.194762
0.602082 1.399512 0.520860 1.319988 0.597258 1.262790
0.602082 1.399512 0.597258 1.262790 0.661842 1.317072
0.724902 1.380924 0.680172 1.452060 0.602082 1.399512
0.767796 1.311960 0.724902 1.380924 0.661842 1.317072
0.724902 1.380924 0.602082 1.399512 0.661842 1.317072
0.597258 1.262790 0.715446 1.194762 0.661842 1.317072
0.503400 1.456974 0.602082 1.399512 0.578454 1.496754
0.715446 1.194762 0.737604 1.117356 0.792444 1.179384
0.597258 1.262790 0.520860 1.319988 0.528318 1.192434
0.715446 1.194762 0.656796 1.112118 0.737604 1.117356
0.680172 1.452060 0.578454 1.496754 0.602082 1.399512
0.808722 0.914160 0.707346 0.932352 0.738156 0.861288
0.393636 0.818112 0.475614 0.917664 0.359976 0.908748
0.660246 0.858702 0.575754 0.752652 0.681996 0.780438
0.398304 1.414812 0.503400 1.456974 0.440076 1.524846
0.815280 0.665742 0.736092 0.718926 0.742128 0.619518
0.072570 0.364530 -0.055188 0.366294 0.012522 0.289176
0.835968 0.079302 0.858366 0.163380 0.713958 0.141984
0.746202 0.058086 0.807270 0.004440 0.835968 0.079302
0.871998 0.292248 0.858366 0.163380 0.935514 0.176958
0.934434 0.057870 0.858366 0.163380 0.835968 0.079302
0.645900 0.073260 0.659064 -0.016338 0.746202 0.058086
0.713958 0.141984 0.858366 0.163380 0.798702 0.220698
0.763878 0.368508 0.757968 0.446286 0.651042 0.416184
0.763878 0.368508 0.748794 0.282372 0.871998 0.292248
0.798702 0.220698 0.871998 0.292248 0.748794 0.282372
0.871998 0.292248 0.798702 0.220698 0.858366 0.163380
0.698202 0.220602 0.798702 0.220698 0.748794 0.282372
0.835182 0.398106 0.763878 0.368508 0.871998 0.292248
0.858366 0.163380 0.934434 0.057870 0.935514 0.176958
0.748794 0.282372 0.763878 0.368508 0.675846 0.333732
0.935514 0.176958 1.020984 0.064416 1.036272 0.163374
1.020984 0.064416 0.935514 0.176958 0.934434 0.057870
1.075950 0.250794 1.036272 0.163374 1.147068 0.210180
1.107546 0.109218 1.036272 0.163374 1.020984 0.064416
1.060530 -0.001680 1.107546 0.109218 1.020984 0.064416
0.935514 0.176958 1.036272 0.163374 0.998064 0.232518
0.937356 0.332190 0.998064 0.232518 1.070982 0.343992
0.937356 0.332190 0.871998 0.292248 0.998064 0.232518
1.159548 0.315198 1.113462 0.410220 1.070982 0.343992
1.075950 0.250794 1.070982 0.343992 0.998064 0.232518
0.998064 0.232518 1.036272 0.163374 1.075950 0.250794
0.835182 0.398106 0.871998 0.292248 0.937356 0.332190
1.159548 0.315198 1.070982 0.343992 1.075950 0.250794
0.998064 0.232518 0.871998 0.292248 0.935514 0.176958
0.979260 -0.005250 1.020984 0.064416 0.934434 0.057870
0.984804 0.409578 0.937356 0.332190 1.070982 0.343992
0.757968 0.446286 0.835182 0.398106 0.849744 0.492288
0.835182 0.398106 0.757968 0.446286 0.763878 0.368508
0.849744 0.492288 0.936012 0.474708 0.904386 0.568476
0.936012 0.474708 0.849744 0.492288 0.835182 0.398106
0.835182 0.398106 0.984804 0.409578 0.936012 0.474708
0.757968 0.446286 0.849744 0.492288 0.756618 0.539826
0.834228 0.740922 0.736092 0.718926 0.815280 0.665742
0.742128 0.619518 0.823344 0.586638 0.815280 0.665742
0.823344 0.586638 0.904386 0.568476 0.815280 0.665742
0.823344 0.586638 0.756618 0.539826 0.849744 0.492288
0.849744 0.492288 0.904386 0.568476 0.823344 0.586638
0.815280 0.665742 0.904386 0.568476 0.939324 0.661554
0.936012 0.474708 0.991428 0.563064 0.904386 0.568476
0.756618 0.539826 0.669432 0.495558 0.757968 0.446286
1.011312 0.488040 0.991428 0.563064 0.936012 0.474708
1.011312 0.488040 0.984804 0.409578 1.113462 0.410220
1.079730 0.579252 1.087764 0.490476 1.164774 0.599142
1.113462 0.410220 1.087764 0.490476 1.011312 0.488040
0.835182 0.398106 0.937356 0.332190 0.984804 0.409578
1.011312 0.488040 1.087764 0.490476 1.079730 0.579252
0.939324 0.661554 0.991428 0.563064 1.085430 0.655830
0.939324 0.661554 0.904386 0.568476 0.991428 0.563064
0.939324 0.661554 1.085430 0.655830 1.016472 0.726942
1.085430 0.655830 0.991428 0.563064 1.079730 0.579252
1.164774 0.599142 1.085430 0.655830 1.079730 0.579252
1.084956 0.770154 1.016472 0.726942 1.085430 0.655830
0.991428 0.563064 1.011312 0.488040 1.079730 0.579252
0.815280 0.665742 0.939324 0.661554 0.834228 0.740922
1.190022 0.479130 1.087764 0.490476 1.113462 0.410220
0.936012 0.474708 0.984804 0.409578 1.011312 0.488040
1.070982 0.343992 1.113462 0.410220 0.984804 0.409578
0.931266 0.743022 0.939324 0.661554 1.016472 0.726942
1.147068 0.210180 1.036272 0.163374 1.107546 0.109218
0.756618 0.539826 0.823344 0.586638 0.742128 0.619518
1.107546 0.109218 1.142376 -0.001500 1.206240 0.101412
1.206240 0.101412 1.310028 0.127098 1.243422 0.216174
1.243422 0.216174 1.310028 0.127098 1.330884 0.200856
1.159548 0.315198 1.191138 0.389286 1.113462 0.410220
1.159548 0.315198 1.147068 0.210180 1.243422 0.216174
1.333926 0.312804 1.236366 0.310254 1.243422 0.216174
1.243422 0.216174 1.236366 0.310254 1.159548 0.315198
1.147068 0.210180 1.206240 0.101412 1.243422 0.216174
1.191138 0.389286 1.159548 0.315198 1.236366 0.310254
1.243422 0.216174 1.330884 0.200856 1.333926 0.312804
1.206240 0.101412 1.147068 0.210180 1.107546 0.109218
1.333926 0.312804 1.397586 0.246930 1.452672 0.369174
1.333926 0.312804 1.330884 0.200856 1.397586 0.246930
1.527378 0.409626 1.413822 0.480426 1.452672 0.369174
1.236366 0.310254 1.333926 0.312804 1.264284 0.436452
1.452672 0.369174 1.359030 0.386226 1.333926 0.312804
1.190022 0.479130 1.191138 0.389286 1.264284 0.436452
1.164774 0.599142 1.087764 0.490476 1.190022 0.479130
1.264470 0.646638 1.250580 0.559272 1.326648 0.564762
1.264284 0.436452 1.250580 0.559272 1.190022 0.479130
1.236366 0.310254 1.264284 0.436452 1.191138 0.389286
1.190022 0.479130 1.250580 0.559272 1.164774 0.599142
1.152408 0.733764 1.164774 0.599142 1.264470 0.646638
1.152408 0.733764 1.085430 0.655830 1.164774 0.599142
1.264470 0.646638 1.281288 0.726726 1.152408 0.733764
1.370874 0.654462 1.281288 0.726726 1.264470 0.646638
1.164774 0.599142 1.250580 0.559272 1.264470 0.646638
1.339344 0.460452 1.250580 0.559272 1.264284 0.436452
1.113462 0.410220 1.191138 0.389286 1.190022 0.479130
1.326648 0.564762 1.339344 0.460452 1.413822 0.480426
1.339344 0.460452 1.326648 0.564762 1.250580 0.559272
1.359030 0.386226 1.413822 0.480426 1.339344 0.460452
1.359030 0.386226 1.452672 0.369174 1.413822 0.480426
1.339344 0.460452 1.264284 0.436452 1.359030 0.386226
1.326648 0.564762 1.413822 0.480426 1.409742 0.582372
1.439478 0.708738 1.409742 0.582372 1.505994 0.666486
1.485414 0.569652 1.409742 0.582372 1.413822 0.480426
1.409742 0.582372 1.439478 0.708738 1.370874 0.654462
1.370874 0.654462 1.326648 0.564762 1.409742 0.582372
1.413822 0.480426 1.556676 0.510258 1.485414 0.569652
1.370874 0.654462 1.264470 0.646638 1.326648 0.564762
1.333926 0.312804 1.359030 0.386226 1.264284 0.436452
1.159548 0.315198 1.075950 0.250794 1.147068 0.210180
0.835968 0.079302 0.903612 -0.031650 0.934434 0.057870
1.084956 0.770154 1.085430 0.655830 1.152408 0.733764
0.791094 0.804270 0.834228 0.740922 0.869736 0.812664
0.791094 0.804270 0.736092 0.718926 0.834228 0.740922
0.791094 0.804270 0.869736 0.812664 0.808722 0.914160
0.899064 0.897438 0.869736 0.812664 0.943368 0.832446
0.834228 0.740922 0.931266 0.743022 0.869736 0.812664
0.808722 0.914160 0.869736 0.812664 0.899064 0.897438
0.707346 0.932352 0.817944 1.001136 0.747726 1.041258
0.707346 0.932352 0.808722 0.914160 0.817944 1.001136
0.850794 1.086792 0.747726 1.041258 0.817944 1.001136
0.920766 0.973380 0.817944 1.001136 0.808722 0.914160
0.808722 0.914160 0.899064 0.897438 0.920766 0.973380
0.738156 0.861288 0.791094 0.804270 0.808722 0.914160
0.931266 0.743022 0.943368 0.832446 0.869736 0.812664
0.943368 0.832446 0.931266 0.743022 1.018584 0.809442
1.018584 0.809442 0.931266 0.743022 1.016472 0.726942
1.084956 0.770154 1.018584 0.809442 1.016472 0.726942
0.834228 0.740922 0.939324 0.661554 0.931266 0.743022
0.819198 1.253382 0.767796 1.311960 0.715446 1.194762
0.737604 1.117356 0.850794 1.086792 0.792444 1.179384
0.715446 1.194762 0.792444 1.179384 0.819198 1.253382
0.737604 1.117356 0.747726 1.041258 0.850794 1.086792
1.485414 0.569652 1.505994 0.666486 1.409742 0.582372
0.746202 0.058086 0.835968 0.079302 0.713958 0.141984
-0.032130 1.621104 0.093636 1.592856 0.034044 1.659060
-0.032130 1.621104 0.066582 1.511826 0.093636 1.592856
0.123306 1.691802 0.093636 1.592856 0.177384 1.629168
0.146022 1.530648 0.093636 1.592856 0.066582 1.511826
0.138540 1.443168 0.146022 1.530648 0.066582 1.511826
0.034044 1.659060 0.093636 1.592856 0.123306 1.691802
0.059652 1.894122 0.002082 1.843266 0.060678 1.759860
0.002082 1.843266 -0.020298 1.753116 0.060678 1.759860
0.123306 1.691802 0.133650 1.787346 0.060678 1.759860
0.237240 1.722462 0.133650 1.787346 0.123306 1.691802
0.060678 1.759860 0.034044 1.659060 0.123306 1.691802
0.133650 1.787346 0.059652 1.894122 0.060678 1.759860
0.177384 1.629168 0.093636 1.592856 0.146022 1.530648
-0.020298 1.753116 0.034044 1.659060 0.060678 1.759860
0.177384 1.629168 0.216216 1.500744 0.290442 1.599480
0.216216 1.500744 0.177384 1.629168 0.146022 1.530648
0.326592 1.669134 0.290442 1.599480 0.378900 1.601928
0.314934 1.524558 0.290442 1.599480 0.216216 1.500744
0.298944 1.418406 0.314934 1.524558 0.216216 1.500744
0.177384 1.629168 0.290442 1.599480 0.237240 1.722462
0.246924 1.820640 0.133650 1.787346 0.237240 1.722462
0.246924 1.820640 0.237240 1.722462 0.335166 1.765260
0.326592 1.669134 0.335166 1.765260 0.237240 1.722462
0.313290 1.890042 0.335166 1.765260 0.417822 1.871574
0.237240 1.722462 0.290442 1.599480 0.326592 1.669134
0.246924 1.820640 0.335166 1.765260 0.313290 1.890042
0.404184 1.727562 0.335166 1.765260 0.326592 1.669134
0.237240 1.722462 0.123306 1.691802 0.177384 1.629168
0.138540 1.443168 0.216216 1.500744 0.146022 1.530648
0.177690 1.865022 0.133650 1.787346 0.246924 1.820640
0.020748 2.016486 0.059652 1.894122 0.136044 1.933962
0.020748 2.016486 -0.036060 1.951152 0.059652 1.894122
0.190656 1.990308 0.113886 2.024292 0.136044 1.933962
0.177690 1.865022 0.136044 1.933962 0.059652 1.894122
0.059652 1.894122 0.133650 1.787346 0.177690 1.865022
0.020748 2.016486 0.136044 1.933962 0.113886 2.024292
0.022230 2.117640 0.091998 2.189598 0.014832 2.208972
0.091998 2.189598 0.022230 2.117640 0.124416 2.101956
0.113886 2.024292 0.124416 2.101956 0.022230 2.117640
0.226566 2.066856 0.124416 2.101956 0.113886 2.024292
0.022230 2.117640 0.020748 2.016486 0.113886 2.024292
0.091998 2.189598 0.124416 2.101956 0.202122 2.146620
0.136044 1.933962 0.177690 1.865022 0.190656 1.990308
0.022230 2.117640 -0.070986 2.047032 0.020748 2.016486
0.226566 2.066856 0.190656 1.990308 0.267576 1.965612
0.190656 1.990308 0.177690 1.865022 0.267576 1.965612
0.313290 1.890042 0.347262 1.968366 0.267576 1.965612
0.417822 1.871574 0.347262 1.968366 0.313290 1.890042
0.177690 1.865022 0.313290 1.890042 0.267576 1.965612
0.373260 2.040504 0.267576 1.965612 0.347262 1.968366
0.202122 2.146620 0.226566 2.066856 0.302334 2.097786
0.202122 2.146620 0.124416 2.101956 0.226566 2.066856
0.302334 2.097786 0.373260 2.040504 0.363420 2.144286
0.302334 2.097786 0.226566 2.066856 0.267576 1.965612
0.363420 2.144286 0.373260 2.040504 0.438288 2.120688
0.202122 2.146620 0.302334 2.097786 0.278136 2.211984
0.267576 1.965612 0.373260 2.040504 0.302334 2.097786
0.147972 2.268186 0.091998 2.189598 0.202122 2.146620
0.373260 2.040504 0.347262 1.968366 0.423636 1.959648
0.226566 2.066856 0.113886 2.024292 0.190656 1.990308
0.177690 1.865022 0.246924 1.820640 0.313290 1.890042
0.302334 2.097786 0.363420 2.144286 0.278136 2.211984
0.378900 1.601928 0.290442 1.599480 0.314934 1.524558
-0.053370 2.168700 0.022230 2.117640 0.014832 2.208972
0.450888 1.666926 0.378900 1.601928 0.440076 1.524846
0.440076 1.524846 0.378900 1.601928 0.314934 1.524558
0.450888 1.666926 0.440076 1.524846 0.516456 1.548630
0.541434 1.621158 0.516456 1.548630 0.626208 1.560594
0.503400 1.456974 0.516456 1.548630 0.440076 1.524846
0.450888 1.666926 0.516456 1.548630 0.541434 1.621158
0.404184 1.727562 0.450888 1.666926 0.467898 1.775730
0.404184 1.727562 0.326592 1.669134 0.450888 1.666926
0.467898 1.775730 0.522090 1.695120 0.563562 1.761534
0.522090 1.695120 0.467898 1.775730 0.450888 1.666926
0.450888 1.666926 0.541434 1.621158 0.522090 1.695120
0.467898 1.775730 0.417822 1.871574 0.335166 1.765260
0.541434 1.621158 0.636510 1.711164 0.522090 1.695120
0.467898 1.775730 0.335166 1.765260 0.404184 1.727562
0.626208 1.560594 0.649782 1.636008 0.541434 1.621158
0.578454 1.496754 0.680172 1.452060 0.626208 1.560594
0.649782 1.636008 0.636510 1.711164 0.541434 1.621158
0.467898 1.775730 0.563562 1.761534 0.520170 1.892094
0.522090 1.695120 0.636510 1.711164 0.563562 1.761534
0.626208 1.560594 0.516456 1.548630 0.578454 1.496754
0.398304 1.414812 0.440076 1.524846 0.314934 1.524558
0.423636 1.959648 0.347262 1.968366 0.417822 1.871574
0.423636 1.959648 0.417822 1.871574 0.520170 1.892094
0.520170 1.892094 0.550746 1.973850 0.423636 1.959648
0.467898 1.775730 0.520170 1.892094 0.417822 1.871574
0.423636 1.959648 0.550746 1.973850 0.490224 2.026170
0.438288 2.120688 0.373260 2.040504 0.490224 2.026170
0.373260 2.040504 0.423636 1.959648 0.490224 2.026170
0.450888 1.666926 0.326592 1.669134 0.378900 1.601928
0.578454 1.496754 0.516456 1.548630 0.503400 1.456974
0.062322 2.269626 0.067326 2.347584 -0.011202 2.293476
0.014832 2.208972 0.091998 2.189598 0.062322 2.269626
0.062322 2.269626 0.147972 2.268186 0.067326 2.347584
0.162936 2.439402 0.149718 2.345292 0.237558 2.421180
0.147972 2.268186 0.062322 2.269626 0.091998 2.189598
0.067326 2.347584 0.147972 2.268186 0.149718 2.345292
0.067326 2.347584 0.149718 2.345292 0.061068 2.428974
0.061068 2.428974 -0.025482 2.421426 0.067326 2.347584
0.149718 2.345292 0.162936 2.439402 0.061068 2.428974
0.149718 2.345292 0.147972 2.268186 0.227292 2.269254
0.253734 2.345292 0.237558 2.421180 0.149718 2.345292
0.253734 2.345292 0.227292 2.269254 0.312600 2.285088
0.278136 2.211984 0.312600 2.285088 0.227292 2.269254
0.312600 2.285088 0.278136 2.211984 0.386052 2.217570
0.147972 2.268186 0.202122 2.146620 0.227292 2.269254
0.149718 2.345292 0.227292 2.269254 0.253734 2.345292
0.278136 2.211984 0.227292 2.269254 0.202122 2.146620
0.062322 2.269626 -0.011202 2.293476 0.014832 2.208972
0.278136 2.211984 0.363420 2.144286 0.386052 2.217570
0.059652 1.894122 -0.036060 1.951152 0.002082 1.843266
0.004554 0.879588 0.074502 0.976920 -0.039528 0.945090
1.413822 0.480426 1.527378 0.409626 1.556676 0.510258
