849.0 488.91
853.0 482.85
849.0 489.96
853.0 481.8
848.0 490.69
853.78 481.0
847.0 491.42
854.0 480.02
847.0 492.47
854.09 479.0
846.0 493.19
855.0 478.24
845.25 494.0
855.0 477.19
845.0 494.97
856.0 476.46
844.93 496.0
856.0 475.41
844.0 496.75
857.0 474.69
843.0 497.48
857.0 473.64
843.0 498.53
857.0 472.58
842.0 499.25
858.0 471.86
841.06 500.0
858.0 470.81
840.9 501.0
858.76 470.0
840.0 501.76
859.0 469.03
840.0 502.81
859.0 467.98
839.0 503.54
859.23 467.0
838.0 504.26
860.0 466.2
837.03 505.0
860.0 465.15
836.87 506.0
860.0 464.1
836.0 506.77
861.0 463.37
836.0 507.82
861.0 462.32
835.0 508.55
862.0 461.59
834.0 509.27
862.0 460.54
833.0 510.0
862.0 459.49
832.85 511.0
862.0 458.44
832.0 511.78
863.0 457.71
831.0 512.5
863.0 456.66
830.0 513.23
863.0 455.61
829.13 514.0
864.0 454.88
828.98 515.0
864.0 453.83
828.0 515.73
864.0 452.78
827.0 516.46
864.0 451.73
826.0 517.19
865.0 451.0
825.26 518.0
865.0 449.95
825.0 518.97
865.0 448.9
824.0 519.69
865.0 447.85
823.0 520.42
865.0 446.79
822.0 521.15
865.79 446.0
821.39 522.0
866.0 445.02
821.0 522.92
866.0 443.96
820.0 523.65
866.0 442.91
819.0 524.38
866.0 441.86
818.0 525.1
866.0 440.81
817.53 526.0
866.74 440.0
816.0 526.56
867.0 439.03
815.0 527.28
867.0 437.98
814.0 528.01
867.0 436.93
814.0 529.06
867.0 435.88
815.0 530.44
867.0 434.83
815.0 531.49
867.0 433.77
815.0 532.54
867.85 433.0
815.0 533.59
868.0 432.0
815.0 534.64
868.0 430.95
816.0 536.02
868.0 429.89
816.0 537.07
868.0 428.84
816.0 538.12
868.0 427.79
816.0 539.17
868.0 426.74
816.0 540.22
868.0 425.69
817.0 541.6
868.0 424.64
817.0 542.65
868.0 423.58
817.0 543.7
868.0 422.53
817.0 544.76
868.0 421.48
818.0 546.13
868.0 420.43
818.0 547.18
868.0 419.38
818.0 548.23
868.0 418.33
818.0 549.29
868.0 417.28
818.0 550.34
868.0 416.22
819.0 551.71
868.0 415.17
819.0 552.77
868.0 414.12
819.0 553.82
913.0 427.69
819.0 554.87
913.0 426.64
820.0 556.25
914.0 425.91
820.0 557.3
914.0 424.86
820.0 558.35
914.0 423.81
820.0 559.4
927.0 426.98
820.0 560.45
927.0 425.93
821.0 561.83
927.0 424.88
821.0 562.88
927.0 423.83
821.0 563.93
927.0 422.78
821.0 564.98
927.0 421.73
822.0 566.36
927.0 420.67
822.0 567.41
927.0 419.62
822.0 568.46
927.0 418.57
822.0 569.51
927.0 417.52
823.0 570.89
927.0 416.47
823.0 571.94
927.0 415.42
823.0 572.99
927.0 414.37
823.0 574.04
927.0 413.31
824.0 575.42
927.0 412.26
824.0 576.47
927.0 411.21
824.0 577.52
927.0 410.16
824.0 578.57
927.0 409.11
825.0 579.95
927.0 408.06
825.0 581.0
927.0 407.01
825.0 582.05
843.0 653.53
831.0 608.96
844.0 655.49
831.0 607.73
844.0 656.73
831.0 606.49
844.0 657.96
830.0 604.53
845.0 659.93
830.0 603.29
845.0 661.16
830.0 602.06
846.0 663.12
829.0 600.09
846.0 664.36
829.0 598.86
846.0 665.6
829.0 597.62
847.0 667.56
828.0 595.66
847.0 668.79
828.0 594.42
847.0 670.03
828.0 593.19
847.0 671.27
827.0 591.22
847.0 672.5
827.0 589.99
847.0 673.74
827.0 588.75
847.0 674.98
826.0 586.79
847.0 676.21
826.0 585.55
846.38 677.0
826.0 584.32
846.0 677.96
825.0 582.35
846.0 679.19
825.0 581.12
846.0 680.43
825.0 579.88
846.0 681.66
824.0 577.92
845.0 682.17
824.0 576.68
845.0 683.41
824.0 575.45
845.0 684.65
823.0 573.49
845.0 685.88
823.0 572.25
844.0 686.39
823.0 571.01
844.0 687.63
822.0 569.05
843.0 688.14
822.0 567.81
843.0 689.37
822.0 566.58
842.16 690.0
821.0 564.62
842.0 691.12
821.0 563.38
841.51 692.0
821.0 562.14
841.0 692.86
820.0 560.18
840.86 694.0
820.0 558.95
840.0 694.61
820.0 557.71
839.0 695.12
820.0 556.47
839.0 696.36
819.0 554.51
838.18 697.0
819.0 553.27
837.86 698.0
819.0 552.04
837.0 698.61
818.0 550.08
836.0 699.12
818.0 548.84
835.51 700.0
818.0 547.6
835.0 700.87
818.0 546.37
834.0 701.38
817.0 544.4
833.16 702.0
817.0 543.17
832.83 703.0
817.0 541.93
832.0 703.63
816.0 539.97
831.0 704.14
816.0 538.73
830.48 705.0
816.0 537.5
829.0 705.16
816.0 536.26
828.46 706.0
815.0 534.3
828.0 706.91
815.0 533.06
826.43 707.0
815.0 531.83
826.0 707.92
815.0 530.59
824.4 708.0
814.0 528.63
824.0 708.94
814.84 528.0
822.38 709.0
815.16 527.0
822.0 709.96
816.0 526.37
820.35 710.0
817.19 526.0
819.0 710.25
818.0 525.35
818.32 711.0
819.0 524.84
816.62 711.0
819.54 524.0
816.0 711.78
820.0 523.1
814.6 712.0
821.0 522.59
812.9 712.0
821.89 522.0
811.19 712.0
822.21 521.0
810.87 713.0
823.0 520.33
809.17 713.0
824.0 519.82
807.47 713.0
824.57 519.0
806.0 713.17
825.0 518.08
805.44 714.0
826.0 517.57
803.74 714.0
826.92 517.0
802.04 714.0
827.24 516.0
801.0 714.48
828.0 515.31
800.01 715.0
829.0 514.81
798.31 715.0
829.59 514.0
796.61 715.0
830.0 513.06
794.91 715.0
831.0 512.55
793.21 715.0
831.94 512.0
791.51 715.0
832.27 511.0
789.8 715.0
833.0 510.29
788.1 715.0
834.0 509.79
786.4 715.0
834.62 509.0
783.32 714.0
835.0 508.04
780.25 713.0
708.71 698.0
705.0 701.4
712.0 692.32
704.2 702.0
713.0 692.0
703.69 703.0
713.0 690.3
703.0 703.75
714.0 689.97
702.0 704.08
714.0 688.27
701.43 705.0
714.31 687.0
700.92 706.0
715.0 686.24
699.69 706.0
715.0 684.54
699.0 706.75
715.84 684.0
698.0 707.08
716.0 682.52
697.43 708.0
716.0 680.82
696.2 708.0
716.0 679.11
695.69 709.0
716.0 677.41
694.45 709.0
716.21 676.0
693.94 710.0
717.0 675.39
692.71 710.0
717.0 673.69
691.47 710.0
717.0 671.98
690.96 711.0
717.0 670.28
689.72 711.0
717.0 668.58
688.49 711.0
717.0 666.88
687.98 712.0
717.0 665.18
686.74 712.0
717.0 663.48
685.51 712.0
717.0 661.78
684.27 712.0
717.67 661.0
683.03 712.0
718.0 659.75
681.8 712.0
718.0 658.05
680.56 712.0
718.0 656.35
679.33 712.0
718.0 654.65
678.09 712.0
718.0 652.94
676.85 712.0
718.0 651.24
675.62 712.0
718.0 649.54
674.38 712.0
718.0 647.84
673.15 712.0
718.63 647.0
671.91 712.0
719.0 645.81
670.67 712.0
719.0 644.11
669.44 712.0
719.0 642.41
667.47 711.0
764.26 703.0
666.24 711.0
768.4 707.0
665.0 711.0
771.09 709.0
663.77 711.0
776.25 711.0
659.33 710.0
778.21 712.0
658.1 710.0
780.17 713.0
656.13 709.0
782.14 714.0
654.9 709.0
783.37 714.0
652.93 708.0
784.61 714.0
651.7 708.0
786.57 715.0
649.74 707.0
787.81 715.0
647.77 706.0
789.04 715.0
645.08 704.0
790.28 715.0
643.12 703.0
791.52 715.0
638.25 698.0
792.75 715.0
562.91 596.0
793.99 715.0
561.67 596.0
795.22 715.0
560.44 596.0
796.46 715.0
559.2 596.0
797.7 715.0
557.96 596.0
798.93 715.0
556.73 596.0
800.17 715.0
555.49 596.0
801.0 714.44
554.26 596.0
801.91 714.0
553.02 596.0
803.15 714.0
551.78 596.0
804.39 714.0
550.55 596.0
805.62 714.0
549.31 596.0
806.13 713.0
548.08 596.0
807.37 713.0
546.84 596.0
808.6 713.0
545.6 596.0
809.84 713.0
544.37 596.0
811.0 712.9
543.13 596.0
811.58 712.0
541.9 596.0
812.82 712.0
540.66 596.0
814.06 712.0
540.0 596.79
815.29 712.0
538.91 597.0
816.0 711.27
537.68 597.0
817.04 711.0
536.44 597.0
818.27 711.0
535.21 597.0
819.0 710.3
533.97 597.0
820.02 710.0
532.73 597.0
821.26 710.0
531.5 597.0
822.0 709.32
530.26 597.0
823.0 709.0
529.03 597.0
824.0 708.67
527.79 597.0
824.75 708.0
526.55 597.0
825.98 708.0
525.32 597.0
826.49 707.0
524.08 597.0
827.73 707.0
522.85 597.0
828.24 706.0
521.61 597.0
829.0 705.35
519.14 597.0
831.0 704.7
517.9 597.0
831.73 704.0
516.66 597.0
832.24 703.0
515.43 597.0
833.0 702.35
514.19 597.0
833.99 702.0
512.96 597.0
571.24 595.0
508.8 597.0
572.29 595.0
507.75 597.0
573.34 595.0
506.7 597.0
574.39 595.0
505.65 597.0
575.44 595.0
504.59 597.0
576.49 595.0
503.54 597.0
577.55 595.0
502.49 597.0
578.6 595.0
501.44 597.0
579.65 595.0
500.39 597.0
580.7 595.0
499.34 597.0
581.75 595.0
498.29 597.0
582.8 595.0
491.65 596.0
588.79 594.0
490.6 596.0
589.84 594.0
489.55 596.0
590.89 594.0
488.5 596.0
591.94 594.0
487.45 596.0
592.99 594.0
486.39 596.0
594.04 594.0
485.34 596.0
595.1 594.0
484.29 596.0
596.15 594.0
483.24 596.0
597.2 594.0
482.19 596.0
598.25 594.0
481.14 596.0
599.3 594.0
480.09 596.0
600.35 594.0
479.03 596.0
633.25 692.0
477.98 596.0
635.27 695.0
476.93 596.0
636.65 696.0
475.88 596.0
638.35 698.0
474.83 596.0
640.05 700.0
473.78 596.0
641.43 701.0
472.73 596.0
643.13 703.0
471.67 596.0
644.51 704.0
470.62 596.0
645.56 704.0
469.25 595.0
647.26 706.0
468.19 595.0
648.31 706.0
467.14 595.0
649.69 707.0
466.09 595.0
651.06 708.0
465.04 595.0
652.11 708.0
463.99 595.0
653.17 708.0
462.94 595.0
654.54 709.0
461.89 595.0
655.59 709.0
460.83 595.0
656.65 709.0
459.78 595.0
658.02 710.0
458.73 595.0
659.07 710.0
457.68 595.0
660.12 710.0
456.63 595.0
661.18 710.0
455.58 595.0
662.55 711.0
454.53 595.0
663.6 711.0
453.47 595.0
664.66 711.0
452.1 594.0
665.71 711.0
451.05 594.0
666.76 711.0
449.99 594.0
667.81 711.0
448.94 594.0
669.19 712.0
447.89 594.0
670.24 712.0
446.84 594.0
671.29 712.0
445.79 594.0
672.34 712.0
444.74 594.0
673.39 712.0
443.69 594.0
674.44 712.0
442.63 594.0
675.5 712.0
441.58 594.0
676.55 712.0
440.21 593.0
677.6 712.0
439.15 593.0
678.65 712.0
438.1 593.0
679.7 712.0
437.05 593.0
680.75 712.0
436.0 593.0
681.8 712.0
434.95 593.0
482.5 596.0
444.5 594.0
483.5 596.0
443.5 594.0
484.5 596.0
442.5 594.0
485.5 596.0
441.5 594.0
486.5 596.0
440.5 593.0
487.5 596.0
439.5 593.0
488.5 596.0
438.5 593.0
489.5 596.0
437.5 593.0
490.5 596.0
436.5 593.0
491.5 596.0
435.5 593.0
492.5 596.0
434.5 593.0
493.5 596.0
433.5 593.0
494.5 596.0
432.5 593.0
495.5 596.0
431.5 593.0
496.5 596.0
430.5 592.0
497.5 596.0
429.5 592.0
498.5 597.0
428.5 592.0
499.5 597.0
427.5 592.0
500.5 597.0
426.5 592.0
501.5 597.0
425.5 592.0
502.5 597.0
424.5 592.0
503.5 597.0
423.5 592.0
504.5 597.0
422.5 592.0
505.5 597.0
421.5 591.0
506.5 597.0
420.5 591.0
507.5 597.0
419.5 591.0
508.5 597.0
418.5 591.0
509.5 597.0
417.5 591.0
510.5 597.0
416.5 591.0
511.5 597.0
415.5 591.0
512.5 597.0
414.5 689.0
513.5 597.0
413.5 693.0
514.5 597.0
412.5 696.0
515.5 597.0
411.5 698.0
516.5 597.0
410.5 700.0
517.5 597.0
409.5 702.0
518.5 597.0
408.5 703.0
519.5 597.0
407.5 704.0
520.5 597.0
406.5 706.0
521.5 597.0
405.5 707.0
522.5 597.0
404.5 708.0
523.5 597.0
403.5 709.0
524.5 597.0
402.5 710.0
525.5 597.0
401.5 711.0
526.5 597.0
400.5 712.0
527.5 597.0
399.5 713.0
528.5 597.0
398.5 713.0
529.5 597.0
397.5 714.0
530.5 597.0
396.5 715.0
531.5 597.0
395.5 715.0
532.5 597.0
394.5 716.0
533.5 597.0
393.5 716.0
534.5 597.0
392.5 717.0
535.5 597.0
391.5 718.0
536.5 597.0
390.5 718.0
537.5 597.0
389.5 718.0
538.5 597.0
388.5 719.0
539.5 597.0
387.5 719.0
540.5 596.0
386.5 719.0
541.5 596.0
385.5 720.0
542.5 596.0
384.5 720.0
543.5 596.0
383.5 720.0
544.5 596.0
382.5 720.0
545.5 596.0
381.5 720.0
546.5 596.0
380.5 720.0
547.5 596.0
379.5 720.0
548.5 596.0
378.5 720.0
549.5 596.0
377.5 720.0
550.5 596.0
376.5 720.0
551.5 596.0
375.5 720.0
552.5 596.0
374.5 720.0
553.5 596.0
373.5 720.0
554.5 596.0
372.5 720.0
555.5 596.0
371.5 720.0
556.5 596.0
370.5 720.0
557.5 596.0
369.5 720.0
558.5 596.0
368.5 720.0
559.5 596.0
367.5 720.0
560.5 596.0
366.5 720.0
561.5 596.0
365.5 720.0
562.5 596.0
364.5 720.0
345.24 718.0
351.95 720.0
342.73 716.0
353.0 720.0
341.68 716.0
354.05 720.0
340.96 715.0
355.1 720.0
339.9 715.0
356.15 720.0
339.0 714.55
357.21 720.0
338.13 714.0
358.26 720.0
337.4 713.0
359.31 720.0
336.67 712.0
360.36 720.0
335.95 711.0
361.41 720.0
334.9 711.0
362.46 720.0
334.0 710.52
363.51 720.0
333.12 710.0
364.57 720.0
332.39 709.0
365.62 720.0
331.99 707.0
366.67 720.0
331.0 706.81
367.72 720.0
330.21 706.0
368.77 720.0
329.48 705.0
369.82 720.0
329.0 703.25
370.88 720.0
328.03 703.0
371.93 720.0
327.3 702.0
372.98 720.0
326.9 700.0
374.03 720.0
326.0 699.54
375.08 720.0
325.45 698.0
376.13 720.0
325.0 696.15
377.18 720.0
324.0 695.99
378.24 720.0
324.0 692.75
379.29 720.0
323.19 692.0
380.34 720.0
323.0 689.36
381.39 720.0
322.39 688.0
382.44 720.0
322.0 685.97
383.49 720.0
322.0 682.73
384.54 720.0
322.0 679.49
385.6 720.0
322.0 676.26
386.97 719.0
322.0 673.02
388.02 719.0
322.0 669.79
389.4 718.0
321.53 668.0
390.45 718.0
321.0 666.39
391.5 718.0
321.0 663.16
392.88 717.0
321.0 659.92
394.26 716.0
321.0 656.68
395.63 715.0
321.0 653.45
396.68 715.0
321.0 650.21
398.38 713.0
321.0 646.97
399.44 713.0
321.0 643.74
400.81 712.0
321.0 640.5
402.51 710.0
321.0 637.27
403.89 709.0
321.0 634.03
405.59 707.0
321.0 630.79
406.97 706.0
320.21 630.0
408.99 703.0
320.0 627.4
411.67 698.0
320.0 624.16
446.51 594.0
320.0 620.93
447.56 594.0
320.0 617.69
448.62 594.0
320.0 614.46
449.67 594.0
320.0 611.22
450.72 594.0
320.0 607.98
451.77 594.0
320.0 604.75
452.82 594.0
320.0 601.51
453.55 595.0
320.0 598.28
454.6 595.0
320.0 591.8
456.7 595.0
320.0 588.57
457.75 595.0
320.0 585.33
458.81 595.0
319.71 583.0
459.86 595.0
319.0 581.94
460.91 595.0
319.0 578.7
461.96 595.0
319.0 575.46
463.01 595.0
319.0 572.23
464.06 595.0
319.0 568.99
465.11 595.0
318.92 566.0
466.17 595.0
317.87 566.0
467.22 595.0
284.98 664.0
468.27 595.0
281.97 670.0
469.32 595.0
279.95 673.0
470.05 596.0
278.57 674.0
471.1 596.0
276.87 676.0
472.15 596.0
275.49 677.0
473.2 596.0
273.79 679.0
474.25 596.0
272.42 680.0
475.3 596.0
271.04 681.0
476.36 596.0
269.66 682.0
477.41 596.0
268.61 682.0
478.46 596.0
266.91 684.0
479.51 596.0
265.86 684.0
480.56 596.0
264.81 684.0
481.61 596.0
263.43 685.0
482.66 596.0
262.38 685.0
483.72 596.0
261.0 686.0
484.77 596.0
259.95 686.0
485.82 596.0
258.9 686.0
486.87 596.0
257.52 687.0
487.92 596.0
256.47 687.0
488.97 596.0
255.42 687.0
490.02 596.0
254.37 687.0
491.08 596.0
253.32 687.0
224.0 681.64
235.15 685.0
223.23 681.0
236.39 685.0
222.0 680.99
237.63 685.0
221.48 680.0
238.86 685.0
220.25 680.0
239.37 686.0
219.74 679.0
243.59 687.0
216.24 677.0
244.82 687.0
215.73 676.0
246.06 687.0
215.0 675.31
247.3 687.0
213.99 675.0
249.77 687.0
212.24 674.0
251.01 687.0
211.73 673.0
252.24 687.0
211.0 672.31
253.48 687.0
210.72 671.0
254.71 687.0
210.0 670.28
255.95 687.0
209.0 669.96
257.19 687.0
208.46 669.0
259.15 686.0
208.0 667.93
260.38 686.0
207.44 667.0
261.62 686.0
206.93 666.0
263.58 685.0
206.0 665.58
265.55 684.0
205.91 664.0
266.78 684.0
205.0 663.55
269.47 682.0
204.89 662.0
271.43 681.0
204.0 661.53
274.85 678.0
204.0 659.83
278.99 674.0
203.36 659.0
320.0 619.26
203.0 657.8
320.0 620.96
203.0 656.1
320.0 622.66
202.56 655.0
320.0 624.36
202.0 654.07
320.0 626.06
202.0 652.37
320.0 627.76
202.0 650.67
320.0 629.47
202.0 648.97
320.85 630.0
202.0 647.27
321.0 631.49
202.0 645.57
321.0 633.19
202.0 643.87
321.0 634.89
202.0 642.16
321.0 636.6
202.0 640.46
321.0 638.3
203.0 637.39
321.0 640.0
205.0 632.93
321.0 641.7
207.0 628.48
321.0 643.4
208.0 625.4
321.0 645.1
209.0 622.32
321.0 646.8
210.0 619.24
321.0 648.5
212.0 614.79
321.0 650.21
213.0 611.71
321.0 651.91
215.0 607.26
321.0 653.61
216.0 604.18
321.0 655.31
217.0 601.1
321.0 657.01
218.0 598.02
321.0 658.71
220.0 593.57
321.0 660.41
221.0 590.49
321.0 662.12
222.0 587.42
321.0 663.82
223.0 584.34
321.0 665.52
225.0 579.88
321.0 667.22
226.0 576.81
321.67 668.0
227.0 573.73
322.0 669.25
228.0 570.65
322.0 670.95
230.0 566.2
322.0 672.65
231.0 563.12
322.0 674.35
232.0 560.04
322.0 676.05
233.0 556.96
322.0 677.75
234.0 553.89
322.0 679.45
236.0 549.43
322.0 681.15
237.0 546.35
322.0 682.86
237.0 544.65
322.0 684.56
238.0 541.58
322.0 686.26
239.0 538.5
322.0 687.96
240.0 535.42
323.0 688.28
241.0 532.34
323.0 689.99
242.0 529.26
323.0 691.69
243.0 526.19
324.0 692.01
244.0 523.11
324.0 693.71
245.0 520.03
324.0 695.41
246.0 516.95
324.81 696.0
245.46 516.0
325.0 697.44
244.95 515.0
325.83 698.0
244.0 514.6
326.0 699.47
243.2 514.0
326.85 700.0
243.0 512.58
327.0 701.49
242.18 512.0
327.87 702.0
241.67 511.0
328.38 703.0
241.0 510.23
329.0 703.84
240.0 509.9
329.4 705.0
240.0 508.2
330.0 705.87
239.0 507.87
331.0 706.2
238.4 507.0
331.65 707.0
238.0 505.85
332.0 708.22
237.38 505.0
332.67 709.0
236.87 504.0
246.0 518.52
244.0 523.68
244.04 515.0
243.0 526.88
243.0 512.05
241.0 532.04
241.04 511.0
240.0 535.24
240.0 508.05
239.0 539.68
239.0 507.54
238.0 541.64
238.0 505.79
237.0 544.84
237.0 504.05
236.0 548.04
236.0 502.3
235.0 551.24
235.0 501.79
234.0 553.2
234.0 500.05
233.0 556.4
233.0 497.07
232.0 560.83
232.0 496.56
231.0 562.79
231.0 494.81
230.0 565.99
230.0 493.07
229.0 569.19
229.77 492.0
228.0 571.15
229.0 491.32
227.0 573.12
229.0 490.08
227.0 574.35
228.0 489.57
226.0 576.32
228.0 488.34
226.0 577.55
227.0 487.83
225.0 579.51
227.0 486.59
225.0 580.75
226.11 486.0
224.0 582.71
226.0 484.85
223.0 584.68
226.0 483.61
223.0 585.91
225.14 483.0
222.0 587.87
225.0 481.87
222.0 589.11
224.49 481.0
221.0 591.07
224.0 480.12
220.0 593.04
223.84 479.0
220.0 594.27
223.0 478.37
219.0 596.23
223.0 477.14
218.0 598.2
222.87 476.0
218.0 599.43
222.0 475.39
217.0 601.4
222.0 474.16
216.0 603.36
221.89 473.0
216.0 604.59
221.0 472.41
215.0 606.56
221.0 471.17
215.0 607.79
220.92 470.0
214.0 609.76
220.0 469.43
213.0 611.72
220.0 468.19
213.0 612.95
219.94 467.0
212.0 614.92
219.0 466.45
212.0 616.15
219.0 465.21
211.0 618.12
219.0 463.98
210.0 620.08
218.64 463.0
209.0 622.04
218.0 462.23
209.0 623.28
218.0 460.99
208.0 625.24
217.67 460.0
207.0 627.2
217.0 459.25
207.0 628.44
217.0 458.01
206.0 630.4
217.0 456.78
205.0 632.36
217.0 455.54
205.0 633.6
216.04 455.0
204.0 635.56
216.0 453.79
203.0 637.53
215.39 453.0
203.0 638.76
212.31 454.0
202.0 640.72
210.61 454.0
202.0 641.96
208.91 454.0
202.0 643.2
207.21 454.0
202.0 644.43
205.51 454.0
202.0 645.67
203.81 454.0
202.0 646.9
200.41 454.0
202.0 649.38
198.7 454.0
202.0 650.61
197.0 454.0
202.0 651.85
195.3 454.0
202.0 653.08
193.6 454.0
202.0 654.32
191.9 454.0
202.77 655.0
190.2 454.0
203.0 656.07
188.5 454.0
203.0 657.3
186.8 454.0
203.0 658.54
185.09 454.0
204.0 659.05
184.77 453.0
204.0 660.28
183.07 453.0
204.0 661.52
181.37 453.0
205.0 662.03
179.66 453.0
205.0 663.27
178.0 452.97
205.69 664.0
177.64 452.0
206.0 665.01
175.94 452.0
206.34 666.0
174.24 452.0
207.0 666.76
173.0 451.66
208.0 667.27
172.21 451.0
208.0 668.5
170.51 451.0
188.68 454.0
172.03 451.0
191.92 454.0
169.0 450.93
195.15 454.0
168.63 450.0
198.39 454.0
165.39 450.0
201.63 454.0
165.0 449.08
204.86 454.0
162.0 449.0
208.1 454.0
161.84 448.0
211.33 454.0
159.0 447.87
216.0 453.54
158.45 447.0
216.0 454.59
156.0 446.74
217.0 455.31
155.05 446.0
217.0 457.42
151.66 445.0
217.0 458.47
151.0 444.16
217.0 459.52
149.0 443.76
218.0 460.25
148.11 443.0
218.0 461.3
146.0 442.63
218.0 462.35
144.71 442.0
219.0 463.08
144.0 441.18
219.0 464.13
142.0 440.78
219.0 465.18
141.16 440.0
219.0 466.23
140.0 439.32
219.86 467.0
138.0 438.92
220.0 468.01
137.61 438.0
220.0 469.06
137.0 437.15
220.34 470.0
135.0 436.74
221.0 470.84
134.05 436.0
221.0 471.89
133.0 435.29
221.0 472.94
132.0 434.56
222.0 473.67
130.5 434.0
222.0 474.72
130.0 433.11
222.0 475.77
129.0 432.38
223.0 476.5
127.0 431.98
223.0 477.55
126.79 431.0
223.0 478.6
126.0 430.2
224.0 479.33
124.0 429.8
224.0 480.38
123.24 429.0
225.0 481.1
123.0 428.03
225.0 482.15
122.0 427.3
225.63 483.0
120.0 426.9
226.0 483.93
119.52 426.0
226.0 484.98
119.0 425.12
226.11 486.0
118.0 424.39
227.0 486.76
116.0 423.99
227.0 487.81
115.81 423.0
228.0 488.54
115.0 422.21
228.0 489.59
114.0 421.49
229.0 490.32
113.0 420.76
229.0 491.37
112.1 420.0
230.0 492.1
111.94 419.0
230.0 493.15
111.0 418.26
230.61 494.0
110.0 417.53
231.0 494.93
109.0 416.8
231.0 495.98
108.23 416.0
232.0 496.7
107.0 415.35
233.0 497.43
106.0 414.62
233.0 498.48
105.0 413.9
234.0 499.21
104.52 413.0
234.0 500.26
104.0 412.12
234.96 501.0
103.0 411.39
235.12 502.0
102.0 410.66
236.0 502.76
101.0 409.94
236.0 503.82
101.0 408.89
237.0 504.54
100.49 408.0
238.0 505.27
100.0 407.11
240.0 508.82
96.624 404.0
240.0 509.88
96.0 403.15
243.0 512.06
94.0 400.65
243.0 513.11
93.0 399.92
243.49 514.0
92.596 399.0
244.0 514.89
92.0 398.14
245.0 515.61
91.0 397.42
246.0 516.34
90.0 396.69
246.0 517.39
90.0 395.64
246.0 518.44
89.0 394.91
246.0 519.49
88.568 394.0
245.0 520.87
88.0 393.13
245.0 521.92
87.0 392.41
244.0 523.3
87.0 391.36
244.0 524.35
86.0 390.63
244.0 525.4
85.0 389.9
243.0 526.78
84.54 389.0
243.0 527.83
84.0 388.12
242.0 529.2
84.0 387.07
242.0 530.26
83.0 386.35
242.0 531.31
82.0 385.62
241.0 532.68
82.0 384.57
241.0 533.74
81.0 383.84
240.0 535.11
80.354 383.0
240.0 536.16
80.0 382.06
240.0 537.21
80.0 381.01
66.0 355.5
71.0 366.5
66.0 354.5
72.0 367.5
65.0 353.5
72.0 368.5
65.0 352.5
73.0 369.5
64.0 351.5
73.0 370.5
64.0 350.5
74.0 371.5
63.0 349.5
74.0 372.5
63.0 348.5
75.0 373.5
63.0 347.5
76.0 374.5
62.0 346.5
76.0 375.5
62.0 345.5
77.0 376.5
61.0 344.5
77.0 377.5
61.0 343.5
78.0 378.5
61.0 342.5
79.0 379.5
60.0 341.5
79.0 380.5
60.0 340.5
80.0 381.5
60.0 339.5
80.0 382.5
59.0 338.5
81.0 383.5
59.0 337.5
82.0 384.5
59.0 336.5
82.0 385.5
58.0 335.5
83.0 386.5
58.0 334.5
84.0 387.5
58.0 333.5
84.0 388.5
57.0 332.5
85.0 389.5
57.0 331.5
86.0 390.5
57.0 330.5
87.0 391.5
56.0 329.5
87.0 392.5
56.0 328.5
88.0 393.5
56.0 327.5
89.0 394.5
56.0 326.5
90.0 395.5
55.0 325.5
90.0 396.5
55.0 324.5
91.0 397.5
55.0 323.5
92.0 398.5
55.0 322.5
93.0 399.5
54.0 321.5
94.0 400.5
54.0 320.5
94.0 401.5
54.0 319.5
95.0 402.5
54.0 318.5
96.0 403.5
53.0 317.5
97.0 404.5
53.0 316.5
98.0 405.5
53.0 315.5
99.0 406.5
53.0 314.5
100.0 407.5
52.0 313.5
101.0 408.5
52.0 312.5
101.0 409.5
52.0 311.5
102.0 410.5
52.0 310.5
103.0 411.5
52.0 309.5
104.0 412.5
51.0 308.5
105.0 413.5
51.0 307.5
106.0 414.5
51.0 306.5
107.0 415.5
51.0 305.5
109.0 416.5
51.0 304.5
110.0 417.5
51.0 303.5
111.0 418.5
50.0 302.5
112.0 419.5
50.0 301.5
113.0 420.5
50.0 300.5
114.0 421.5
50.0 299.5
115.0 422.5
50.0 298.5
116.0 423.5
50.0 297.5
118.0 424.5
49.0 296.5
119.0 425.5
49.0 295.5
120.0 426.5
49.0 294.5
122.0 427.5
49.0 293.5
123.0 428.5
49.0 292.5
124.0 429.5
49.0 291.5
126.0 430.5
49.0 290.5
127.0 431.5
49.0 289.5
129.0 432.5
48.0 288.5
130.0 433.5
48.0 287.5
132.0 434.5
48.0 286.5
133.0 435.5
48.0 285.5
135.0 436.5
48.0 284.5
137.0 437.5
48.0 283.5
138.0 438.5
48.0 282.5
140.0 439.5
48.0 281.5
142.0 440.5
48.0 280.5
144.0 441.5
48.0 279.5
146.0 442.5
48.0 278.5
149.0 443.5
48.0 277.5
151.0 444.5
48.0 276.5
153.0 445.5
48.0 275.5
156.0 446.5
48.0 274.5
159.0 447.5
48.0 273.5
162.0 448.5
47.0 272.5
165.0 449.5
47.0 271.5
169.0 450.5
47.0 270.5
173.0 451.5
47.0 269.5
178.0 452.5
47.0 268.5
185.0 453.5
47.0 267.5
216.0 454.5
47.0 266.5
217.0 455.5
47.0 265.5
217.0 456.5
47.0 264.5
217.0 457.5
47.0 263.5
217.0 458.5
47.0 262.5
217.0 459.5
47.0 261.5
53.0 218.71
49.0 235.28
53.0 217.66
49.0 236.34
53.0 216.61
49.0 237.39
53.0 215.55
49.0 238.44
54.0 214.83
49.0 239.49
54.0 213.78
49.0 240.54
54.0 212.72
49.0 241.59
54.0 211.67
49.0 242.64
55.0 210.95
48.0 243.37
55.0 209.9
48.0 244.42
55.0 208.84
48.0 245.47
55.0 207.79
48.0 246.53
56.0 206.01
48.0 248.63
56.0 204.96
48.0 249.68
56.272 204.0
48.0 250.73
57.0 203.19
48.0 251.78
57.0 202.13
48.0 252.83
57.0 201.08
48.0 253.89
57.0 200.03
48.0 254.94
58.0 199.3
48.0 255.99
58.0 198.25
48.0 257.04
58.0 197.2
48.0 258.09
59.0 196.47
47.561 259.0
59.0 195.42
47.0 259.87
59.0 194.37
47.0 260.92
60.0 193.65
47.0 261.97
60.0 192.59
47.0 263.02
61.0 191.87
47.0 264.08
61.0 190.82
47.0 265.13
61.0 189.76
47.0 266.18
61.884 189.0
47.0 267.23
62.0 187.99
47.0 268.28
16.0 171.99
47.0 269.33
13.0 169.96
47.0 270.38
11.0 168.26
47.0 271.44
10.0 166.88
47.0 272.49
9.0 165.51
48.0 273.86
7.0 163.81
48.0 274.91
6.0 162.43
48.0 275.97
6.0 161.38
48.0 277.02
4.0 159.68
48.0 278.07
4.0 158.63
48.0 279.12
3.0 157.25
48.0 280.17
2.0 155.87
48.0 281.22
2.0 154.82
48.0 282.27
2.0 153.77
48.0 283.33
1.0 152.39
48.0 284.38
1.0 151.34
48.0 285.43
1.0 150.29
48.0 286.48
1.0 149.24
48.0 287.53
1.0 148.19
48.0 288.58
1.0 147.14
49.0 289.96
1.0 146.09
49.0 291.01
1.0 145.03
49.0 292.06
1.0 143.98
49.0 293.11
1.0 142.93
49.0 294.17
1.0 141.88
49.0 295.22
1.0 140.83
49.0 296.27
1.0 139.78
50.0 297.65
1.8457 139.0
50.0 298.7
2.0 138.0
50.0 299.75
2.1625 137.0
50.0 300.8
3.0 136.22
50.0 301.85
3.0 135.17
50.0 302.9
4.0 134.44
51.0 304.28
4.0 133.39
51.0 305.33
5.0 132.66
51.0 306.38
6.0 131.94
51.0 307.43
6.3489 131.0
51.0 308.48
7.0 130.16
52.0 309.86
8.0 129.43
52.0 310.91
9.0 128.71
52.0 311.96
10.0 127.98
52.0 313.02
10.218 127.0
53.0 314.39
12.0 126.53
53.0 315.44
13.613 126.0
53.0 316.49
14.0 125.07
53.0 317.55
17.0 125.0
54.0 318.92
17.166 124.0
54.0 319.97
20.402 124.0
54.0 321.03
23.638 124.0
55.0 322.4
26.874 124.0
55.0 323.45
30.11 124.0
55.0 324.5
33.346 124.0
55.0 325.56
39.66 125.0
56.0 326.93
45.974 126.0
56.0 327.98
86.0 137.95
56.0 329.04
83.0 135.93
57.0 330.41
80.0 133.9
57.0 331.46
77.0 131.88
57.0 332.51
76.0 130.5
38.886 52.0
38.0 62.481
41.0 42.411
37.013 63.0
42.0 41.902
37.0 64.226
42.0 40.666
38.0 66.189
42.0 39.43
38.0 67.425
43.0 38.92
38.0 68.661
43.0 37.684
38.0 69.897
43.76 37.0
38.0 71.133
44.0 35.938
38.0 72.369
44.41 35.0
38.0 73.605
45.0 34.193
38.0 74.841
45.06 33.0
39.0 76.804
46.0 32.447
39.0 78.04
46.0 31.211
40.0 80.003
47.0 30.702
40.0 81.239
47.0 29.465
40.0 82.475
48.0 28.956
41.0 84.437
48.0 27.72
41.0 85.674
48.71 27.0
42.0 87.636
49.035 26.0
43.0 89.599
50.0 25.465
43.0 90.835
50.0 24.229
44.0 92.797
51.0 23.719
45.0 94.76
51.711 23.0
46.0 96.723
52.036 22.0
47.0 98.685
53.0 21.464
49.0 101.37
53.0 20.228
51.0 104.06
54.0 19.718
53.0 106.75
54.712 19.0
53.0 107.99
55.037 18.0
56.0 111.4
56.0 17.463
59.0 114.82
57.0 16.954
63.0 118.96
57.388 16.0
68.0 123.83
58.0 15.208
76.0 130.88
59.0 14.699
85.475 139.0
59.74 14.0
82.398 138.0
60.065 13.0
77.944 136.0
61.0 12.444
74.866 135.0
62.0 11.934
71.788 134.0
62.416 11.0
68.711 133.0
63.0 10.188
65.633 132.0
64.442 10.0
62.555 131.0
65.0 9.1694
59.478 130.0
66.0 8.6599
56.4 129.0
66.793 8.0
53.322 128.0
68.0 7.6408
51.621 128.0
68.819 7.0
48.543 127.0
69.144 6.0
45.466 126.0
70.845 6.0
43.764 126.0
71.17 5.0
40.687 125.0
72.872 5.0
38.985 125.0
73.197 4.0
35.908 124.0
74.898 4.0
34.206 124.0
75.223 3.0
32.505 124.0
76.924 3.0
30.804 124.0
78.0 2.5456
29.102 124.0
78.95 2.0
27.401 124.0
80.652 2.0
25.7 124.0
81.0 1.017
23.998 124.0
82.678 1.0
22.297 124.0
182.1 72.0
20.596 124.0
183.8 72.0
18.895 124.0
184.13 71.0
17.193 124.0
185.83 71.0
16.868 125.0
187.53 71.0
15.167 125.0
189.23 71.0
14.0 125.39
190.93 71.0
13.141 126.0
192.64 71.0
12.0 126.41
194.34 71.0
11.115 127.0
195.0 70.246
10.0 127.43
196.36 70.0
9.0884 128.0
198.06 70.0
8.7635 129.0
199.77 70.0
8.0 129.68
201.47 70.0
7.0 130.19
203.17 70.0
6.4123 131.0
204.87 70.0
6.0 131.94
207.95 71.0
5.0 132.45
209.65 71.0
4.0612 133.0
211.35 71.0
4.0 134.19
213.05 71.0
3.4113 135.0
216.13 72.0
3.0 135.94
217.83 72.0
2.7615 137.0
220.91 73.0
2.0 137.68
222.61 73.0
2.0 138.92
225.69 74.0
1.0 139.43
228.76 75.0
1.0 140.66
231.84 76.0
1.0 141.9
234.92 77.0
1.0 143.14
238.0 78.0
1.0 144.37
242.45 80.0
1.0 145.61
246.91 82.0
1.0 146.84
252.74 85.0
270.82 97.0
272.57 96.0
268.13 95.0
273.08 95.0
265.44 93.0
274.0 94.572
262.75 91.0
274.82 94.0
260.79 90.0
275.33 93.0
258.83 89.0
276.0 92.221
256.86 88.0
277.0 91.896
254.18 86.0
277.0 90.194
252.21 85.0
278.0 89.869
250.25 84.0
278.6 89.0
248.29 83.0
279.11 88.0
246.33 82.0
280.0 87.518
244.36 81.0
280.86 87.0
242.4 80.0
281.0 85.492
240.44 79.0
281.88 85.0
239.2 79.0
282.0 83.466
237.24 78.0
282.9 83.0
235.28 77.0
283.41 82.0
234.04 77.0
284.0 81.115
232.08 76.0
284.43 80.0
230.84 76.0
285.0 79.088
228.88 75.0
285.45 78.0
226.92 74.0
286.0 77.062
225.68 74.0
286.46 76.0
223.72 73.0
287.0 75.036
222.48 73.0
288.0 71.309
216.81 72.0
289.0 69.282
215.57 72.0
289.3 68.0
213.61 71.0
290.0 67.256
212.38 71.0
290.0 65.555
211.14 71.0
290.11 64.0
209.9 71.0
291.0 63.529
208.67 71.0
291.0 61.827
207.43 71.0
291.0 60.126
206.2 71.0
291.0 58.425
204.23 70.0
291.0 56.723
203.0 70.0
291.71 56.0
201.76 70.0
292.0 54.697
200.52 70.0
292.0 52.996
199.29 70.0
292.0 51.295
198.05 70.0
292.0 49.593
196.82 70.0
291.0 46.516
195.58 70.0
291.0 44.814
195.0 70.903
291.0 43.113
193.83 71.0
291.0 41.412
192.6 71.0
290.0 38.334
191.36 71.0
290.0 36.633
190.13 71.0
289.0 33.555
188.89 71.0
288.0 30.477
187.65 71.0
287.0 27.4
186.42 71.0
285.0 22.946
185.18 71.0
284.0 19.868
184.0 71.074
282.0 15.414
183.44 72.0
277.0 6.8306
182.2 72.0
277.63 6.0
180.96 72.0
279.6 7.0
179.73 72.0
280.83 7.0
178.49 72.0
282.07 7.0
177.26 72.0
283.3 7.0
176.75 73.0
284.54 7.0
175.51 73.0
285.78 7.0
174.27 73.0
287.01 7.0
173.04 73.0
288.25 7.0
172.53 74.0
289.48 7.0
171.29 74.0
291.45 8.0
170.06 74.0
292.68 8.0
169.0 74.247
293.92 8.0
168.31 75.0
295.15 8.0
167.08 75.0
297.12 9.0
166.0 75.221
298.35 9.0
165.33 76.0
299.59 9.0
164.09 76.0
301.55 10.0
163.0 76.196
302.79 10.0
162.35 77.0
304.75 11.0
161.11 77.0
305.99 11.0
160.0 77.171
307.95 12.0
159.37 78.0
309.91 13.0
158.13 78.0
311.87 14.0
157.62 79.0
313.84 15.0
156.38 79.0
315.8 16.0
155.88 80.0
317.76 17.0
154.64 80.0
319.0 17.0
153.4 80.0
320.96 18.0
152.89 81.0
323.65 20.0
151.66 81.0
326.34 22.0
151.0 81.796
329.76 25.0
149.91 82.0
331.72 26.0
149.0 82.446
335.86 30.0
148.17 83.0
468.0 210.17
147.0 83.096
469.11 210.0
146.42 84.0
470.35 210.0
145.91 85.0
471.58 210.0
83.645 1.0
472.82 210.0
82.409 1.0
474.05 210.0
81.173 1.0
475.0 209.6
80.664 2.0
475.8 209.0
390.71 130.0
384.8 128.0
391.76 130.0
383.75 128.0
393.14 131.0
382.7 128.0
394.51 132.0
381.65 128.0
395.56 132.0
380.6 128.0
396.94 133.0
379.22 127.0
397.99 133.0
378.17 127.0
399.69 135.0
377.12 127.0
401.4 137.0
376.07 127.0
402.77 138.0
375.01 127.0
404.8 141.0
348.94 50.0
430.22 216.0
345.94 44.0
431.27 216.0
343.59 40.0
432.32 216.0
341.89 38.0
433.37 216.0
339.86 35.0
434.42 216.0
337.84 32.0
435.48 216.0
336.46 31.0
436.2 215.0
334.76 29.0
437.25 215.0
333.38 28.0
438.3 215.0
331.68 26.0
439.36 215.0
330.63 26.0
440.41 215.0
328.93 24.0
441.46 215.0
327.55 23.0
442.19 214.0
326.18 22.0
443.24 214.0
324.8 21.0
444.29 214.0
323.42 20.0
445.34 214.0
322.37 20.0
446.39 214.0
320.67 18.0
447.44 214.0
319.62 18.0
448.49 214.0
318.24 17.0
449.22 213.0
316.87 16.0
450.27 213.0
315.82 16.0
451.32 213.0
314.44 15.0
452.38 213.0
313.39 15.0
453.43 213.0
312.01 14.0
454.48 213.0
310.63 13.0
455.2 212.0
309.58 13.0
456.26 212.0
308.21 12.0
457.31 212.0
307.16 12.0
458.36 212.0
305.78 11.0
459.41 212.0
304.73 11.0
460.46 212.0
303.68 11.0
461.51 212.0
302.3 10.0
462.24 211.0
301.25 10.0
463.29 211.0
299.87 9.0
464.34 211.0
298.82 9.0
465.39 211.0
297.77 9.0
466.45 211.0
296.72 9.0
467.5 211.0
295.34 8.0
468.22 210.0
294.29 8.0
469.28 210.0
293.24 8.0
470.33 210.0
292.19 8.0
471.38 210.0
291.14 8.0
472.43 210.0
289.76 7.0
473.48 210.0
288.71 7.0
474.53 210.0
287.66 7.0
475.26 209.0
286.6 7.0
476.31 209.0
285.55 7.0
477.36 209.0
284.5 7.0
478.41 209.0
283.45 7.0
479.47 209.0
282.4 7.0
480.52 209.0
281.35 7.0
481.24 208.0
280.3 7.0
482.29 208.0
279.24 7.0
483.35 208.0
277.87 6.0
484.4 208.0
277.0 6.5646
485.45 208.0
292.0 55.966
486.5 208.0
291.0 56.124
487.23 207.0
291.0 59.36
488.28 207.0
291.0 62.596
489.33 207.0
290.4 64.0
490.38 207.0
290.0 65.991
491.43 207.0
289.6 68.0
492.48 207.0
289.0 69.385
493.54 207.0
288.47 71.0
494.26 206.0
288.0 72.78
495.31 206.0
287.34 74.0
496.37 206.0
286.94 76.0
497.42 206.0
286.0 76.333
498.47 206.0
285.49 78.0
499.52 206.0
285.0 79.727
500.57 206.0
284.04 80.0
501.3 205.0
283.64 82.0
502.35 205.0
282.91 83.0
503.4 205.0
282.0 83.438
504.45 205.0
281.46 85.0
505.5 205.0
281.0 86.833
506.56 205.0
280.0 87.0
507.61 205.0
279.28 88.0
508.33 204.0
278.55 89.0
509.38 204.0
277.82 90.0
510.44 204.0
277.0 90.702
511.49 204.0
276.37 92.0
512.54 204.0
275.64 93.0
513.59 204.0
274.92 94.0
514.64 204.0
274.0 94.414
515.37 203.0
273.14 95.0
516.42 203.0
467.5 211.0
458.5 212.0
468.5 210.0
457.5 212.0
469.5 210.0
456.5 212.0
470.5 210.0
455.5 212.0
471.5 210.0
454.5 213.0
472.5 210.0
453.5 213.0
473.5 210.0
452.5 213.0
474.5 210.0
451.5 213.0
475.5 209.0
450.5 213.0
476.5 209.0
449.5 213.0
477.5 209.0
448.5 214.0
478.5 209.0
447.5 214.0
479.5 209.0
446.5 214.0
480.5 209.0
445.5 214.0
481.5 208.0
444.5 214.0
482.5 208.0
443.5 214.0
483.5 208.0
442.5 214.0
484.5 208.0
441.5 215.0
485.5 208.0
440.5 215.0
486.5 208.0
439.5 215.0
487.5 207.0
438.5 215.0
488.5 207.0
437.5 215.0
489.5 207.0
436.5 215.0
490.5 207.0
435.5 216.0
491.5 207.0
434.5 216.0
492.5 207.0
433.5 216.0
493.5 207.0
432.5 216.0
494.5 206.0
431.5 216.0
495.5 206.0
430.5 216.0
496.5 206.0
429.5 217.0
497.5 206.0
428.5 217.0
498.5 206.0
427.5 217.0
499.5 206.0
426.5 217.0
500.5 206.0
425.5 217.0
501.5 205.0
424.5 217.0
502.5 205.0
423.5 218.0
503.5 205.0
422.5 218.0
504.5 205.0
421.5 218.0
505.5 205.0
420.5 218.0
506.5 205.0
419.5 218.0
507.5 205.0
418.5 219.0
508.5 204.0
417.5 219.0
509.5 204.0
416.5 219.0
510.5 204.0
415.5 219.0
511.5 204.0
414.5 219.0
512.5 204.0
413.5 219.0
513.5 204.0
412.5 220.0
514.5 204.0
411.5 220.0
515.5 203.0
410.5 220.0
516.5 203.0
409.5 220.0
517.5 203.0
408.5 220.0
518.5 203.0
407.5 221.0
519.5 203.0
406.5 146.0
520.5 203.0
405.5 143.0
521.5 203.0
404.5 141.0
522.5 202.0
403.5 140.0
523.5 202.0
402.5 138.0
524.5 202.0
401.5 137.0
525.5 202.0
400.5 136.0
526.5 202.0
399.5 135.0
527.5 202.0
398.5 134.0
528.5 202.0
397.5 133.0
529.5 202.0
396.5 133.0
530.5 201.0
395.5 132.0
531.5 201.0
394.5 132.0
532.5 201.0
393.5 131.0
533.5 201.0
392.5 131.0
534.5 201.0
391.5 130.0
535.5 201.0
390.5 130.0
536.5 201.0
389.5 129.0
537.5 201.0
388.5 129.0
538.5 200.0
387.5 129.0
539.5 200.0
386.5 128.0
540.5 200.0
385.5 128.0
541.5 200.0
384.5 128.0
542.5 200.0
383.5 128.0
543.5 200.0
382.5 128.0
544.5 200.0
381.5 128.0
545.5 200.0
380.5 128.0
546.5 200.0
379.5 127.0
547.5 199.0
378.5 127.0
548.5 199.0
377.5 127.0
549.5 199.0
376.5 127.0
550.5 199.0
375.5 127.0
551.5 199.0
374.5 127.0
552.5 199.0
373.5 127.0
553.5 199.0
372.5 128.0
554.5 199.0
371.5 128.0
555.5 199.0
370.5 128.0
556.5 198.0
369.5 128.0
557.5 198.0
368.5 128.0
558.5 198.0
367.5 128.0
559.5 198.0
366.5 128.0
560.5 198.0
365.5 128.0
561.5 198.0
364.5 129.0
562.5 198.0
506.66 205.0
522.36 202.0
505.61 205.0
523.41 202.0
504.56 205.0
524.46 202.0
503.51 205.0
525.51 202.0
502.46 205.0
526.57 202.0
501.41 205.0
527.62 202.0
500.03 206.0
528.67 202.0
498.98 206.0
530.05 201.0
497.93 206.0
531.1 201.0
496.88 206.0
532.15 201.0
495.83 206.0
533.2 201.0
494.77 206.0
534.25 201.0
493.4 207.0
535.3 201.0
492.35 207.0
536.35 201.0
491.29 207.0
537.41 201.0
490.24 207.0
538.78 200.0
489.19 207.0
539.83 200.0
488.14 207.0
540.88 200.0
487.09 207.0
541.94 200.0
485.71 208.0
542.99 200.0
484.66 208.0
544.04 200.0
483.61 208.0
545.09 200.0
482.56 208.0
546.14 200.0
481.51 208.0
547.52 199.0
480.13 209.0
548.57 199.0
479.08 209.0
549.62 199.0
478.03 209.0
550.67 199.0
476.98 209.0
551.72 199.0
475.92 209.0
552.78 199.0
474.55 210.0
553.83 199.0
473.5 210.0
554.88 199.0
472.44 210.0
556.26 198.0
471.39 210.0
557.31 198.0
470.34 210.0
558.36 198.0
469.29 210.0
559.41 198.0
468.24 210.0
560.46 198.0
466.86 211.0
561.51 198.0
465.81 211.0
562.56 198.0
464.76 211.0
563.62 198.0
463.71 211.0
564.67 198.0
462.66 211.0
566.04 197.0
461.28 212.0
567.09 197.0
460.23 212.0
568.15 197.0
459.18 212.0
569.2 197.0
458.13 212.0
570.25 197.0
457.07 212.0
571.3 197.0
456.02 212.0
572.35 197.0
454.65 213.0
573.4 197.0
453.6 213.0
574.45 197.0
452.54 213.0
575.51 197.0
451.49 213.0
576.88 196.0
450.44 213.0
577.93 196.0
449.39 213.0
578.99 196.0
448.01 214.0
580.04 196.0
446.96 214.0
581.09 196.0
445.91 214.0
582.14 196.0
444.86 214.0
583.19 196.0
443.81 214.0
584.24 196.0
442.76 214.0
585.29 196.0
441.38 215.0
586.35 196.0
440.33 215.0
587.4 196.0
439.28 215.0
588.77 195.0
438.22 215.0
589.83 195.0
437.17 215.0
590.88 195.0
436.12 215.0
591.93 195.0
434.75 216.0
592.98 195.0
433.69 216.0
594.03 195.0
432.64 216.0
595.08 195.0
431.59 216.0
596.13 195.0
430.54 216.0
597.19 195.0
429.16 217.0
598.24 195.0
428.11 217.0
599.29 195.0
427.06 217.0
600.34 195.0
426.01 217.0
601.39 195.0
424.96 217.0
602.77 194.0
423.58 218.0
603.82 194.0
422.53 218.0
604.87 194.0
421.48 218.0
605.92 194.0
420.43 218.0
606.97 194.0
419.38 218.0
608.02 194.0
418.0 219.0
609.08 194.0
416.95 219.0
610.13 194.0
415.9 219.0
611.18 194.0
414.84 219.0
612.23 194.0
413.79 219.0
613.28 194.0
412.42 220.0
614.33 194.0
411.37 220.0
615.39 194.0
410.31 220.0
616.44 194.0
409.26 220.0
617.49 194.0
408.21 220.0
618.54 194.0
406.83 221.0
619.59 194.0
405.78 221.0
620.97 193.0
404.73 221.0
622.02 193.0
563.02 198.0
603.01 194.0
561.79 198.0
604.25 194.0
560.55 198.0
605.48 194.0
559.31 198.0
606.72 194.0
558.08 198.0
607.95 194.0
556.84 198.0
609.19 194.0
554.88 199.0
610.43 194.0
553.64 199.0
611.66 194.0
552.41 199.0
612.9 194.0
551.17 199.0
614.13 194.0
549.93 199.0
615.37 194.0
548.7 199.0
616.61 194.0
547.46 199.0
617.84 194.0
545.5 200.0
619.08 194.0
544.26 200.0
621.04 193.0
543.03 200.0
622.28 193.0
541.79 200.0
623.51 193.0
540.56 200.0
624.75 193.0
539.32 200.0
625.99 193.0
538.08 200.0
627.22 193.0
536.12 201.0
628.46 193.0
534.89 201.0
629.69 193.0
533.65 201.0
630.93 193.0
532.41 201.0
632.17 193.0
531.18 201.0
633.4 193.0
529.21 202.0
634.64 193.0
527.98 202.0
635.87 193.0
526.74 202.0
637.11 193.0
525.51 202.0
638.35 193.0
524.27 202.0
639.58 193.0
523.03 202.0
640.82 193.0
521.07 203.0
642.06 193.0
519.84 203.0
643.29 193.0
518.6 203.0
644.53 193.0
517.36 203.0
645.76 193.0
516.13 203.0
647.0 193.0
514.16 204.0
648.24 193.0
512.93 204.0
649.47 193.0
511.69 204.0
650.71 193.0
510.46 204.0
651.94 193.0
509.22 204.0
653.18 193.0
507.26 205.0
654.42 193.0
506.02 205.0
655.65 193.0
504.79 205.0
656.89 193.0
503.55 205.0
658.12 193.0
502.31 205.0
659.36 193.0
501.08 205.0
660.6 193.0
499.11 206.0
661.83 193.0
497.88 206.0
663.07 193.0
496.64 206.0
664.3 193.0
495.41 206.0
665.54 193.0
494.17 206.0
666.78 193.0
492.21 207.0
668.01 193.0
490.97 207.0
669.25 193.0
489.74 207.0
670.48 193.0
488.5 207.0
671.72 193.0
487.26 207.0
672.96 193.0
485.3 208.0
674.19 193.0
484.06 208.0
675.43 193.0
482.83 208.0
676.66 193.0
481.59 208.0
677.17 194.0
479.63 209.0
678.41 194.0
478.39 209.0
679.65 194.0
477.16 209.0
680.88 194.0
475.92 209.0
682.12 194.0
473.96 210.0
683.35 194.0
472.72 210.0
684.59 194.0
471.49 210.0
685.83 194.0
470.25 210.0
687.06 194.0
469.01 210.0
688.3 194.0
467.05 211.0
689.54 194.0
465.82 211.0
690.77 194.0
464.58 211.0
691.28 195.0
463.34 211.0
692.52 195.0
462.11 211.0
693.75 195.0
460.15 212.0
694.99 195.0
458.91 212.0
696.22 195.0
457.67 212.0
697.46 195.0
456.44 212.0
698.7 195.0
455.2 212.0
699.93 195.0
453.24 213.0
701.0 195.23
452.0 213.0
701.68 196.0
450.77 213.0
702.91 196.0
449.53 213.0
704.15 196.0
447.57 214.0
705.39 196.0
680.76 194.0
701.82 196.0
679.06 194.0
703.53 196.0
677.36 194.0
705.23 196.0
677.0 193.02
706.93 196.0
675.33 193.0
708.63 196.0
673.63 193.0
709.0 196.97
671.93 193.0
710.66 197.0
670.23 193.0
712.36 197.0
668.52 193.0
714.06 197.0
666.82 193.0
715.76 197.0
665.12 193.0
716.08 198.0
663.42 193.0
717.79 198.0
661.72 193.0
719.49 198.0
660.02 193.0
721.19 198.0
658.32 193.0
722.0 198.65
656.62 193.0
723.21 199.0
654.91 193.0
724.92 199.0
653.21 193.0
726.62 199.0
651.51 193.0
727.0 199.96
649.81 193.0
728.64 200.0
648.11 193.0
730.34 200.0
646.41 193.0
732.0 200.03
644.71 193.0
732.37 201.0
643.0 193.0
734.07 201.0
641.3 193.0
735.77 201.0
639.6 193.0
736.1 202.0
637.9 193.0
737.8 202.0
636.2 193.0
739.5 202.0
634.5 193.0
740.0 202.87
631.1 193.0
743.23 203.0
629.39 193.0
744.0 203.68
627.69 193.0
745.25 204.0
625.99 193.0
746.96 204.0
624.29 193.0
747.28 205.0
622.59 193.0
748.98 205.0
620.89 193.0
750.0 205.5
617.81 194.0
751.01 206.0
616.11 194.0
752.71 206.0
614.41 194.0
753.03 207.0
612.71 194.0
754.74 207.0
611.01 194.0
756.0 207.32
609.3 194.0
756.76 208.0
607.6 194.0
758.46 208.0
605.9 194.0
762.0 209.14
599.42 195.0
762.52 210.0
597.72 195.0
764.0 210.16
596.02 195.0
764.54 211.0
594.32 195.0
766.0 211.18
592.62 195.0
766.57 212.0
590.91 195.0
768.27 212.0
589.21 195.0
769.0 212.71
586.14 196.0
770.3 213.0
584.43 196.0
771.0 213.72
582.73 196.0
772.32 214.0
581.03 196.0
773.0 214.74
579.33 196.0
774.35 215.0
577.63 196.0
775.0 215.76
574.55 197.0
776.37 216.0
572.85 197.0
777.0 216.78
571.15 197.0
778.4 217.0
569.45 197.0
779.0 217.8
567.75 197.0
780.43 218.0
566.04 197.0
781.0 218.82
562.97 198.0
782.0 219.33
561.27 198.0
782.78 220.0
559.56 198.0
784.0 220.35
557.86 198.0
784.8 221.0
556.16 198.0
786.0 221.37
553.08 199.0
786.83 222.0
551.38 199.0
787.16 223.0
549.68 199.0
788.86 223.0
547.98 199.0
789.18 224.0
544.9 200.0
790.0 224.64
543.2 200.0
791.21 225.0
541.5 200.0
792.0 225.66
539.8 200.0
793.0 226.17
538.1 200.0
793.56 227.0
535.02 201.0
794.0 227.92
533.32 201.0
795.59 228.0
531.62 201.0
796.0 228.93
528.54 202.0
797.0 229.44
526.84 202.0
797.94 230.0
525.14 202.0
798.26 231.0
523.44 202.0
799.96 231.0
520.36 203.0
800.29 232.0
518.66 203.0
801.0 232.72
516.96 203.0
802.0 233.23
515.25 203.0
802.64 234.0
512.18 204.0
803.0 234.97
510.47 204.0
804.0 235.48
820.4 254.0
807.0 238.38
821.0 254.86
806.0 237.65
822.0 255.58
805.0 236.92
822.0 256.63
804.6 236.0
823.0 257.36
804.0 235.14
824.0 258.09
803.0 234.42
824.43 259.0
802.0 233.69
825.0 259.86
801.0 232.96
825.0 260.92
800.0 231.19
826.0 262.69
798.0 230.79
827.0 263.42
797.18 230.0
828.0 264.15
797.0 229.01
828.0 265.2
796.0 228.28
828.77 266.0
794.0 227.88
829.0 266.98
793.47 227.0
829.09 268.0
793.0 226.1
830.0 268.75
792.0 225.37
830.0 269.81
790.0 224.97
831.0 270.53
789.76 224.0
831.0 271.58
789.0 223.19
832.0 272.31
787.0 222.79
833.0 273.04
786.2 222.0
833.0 274.09
786.0 221.02
833.43 275.0
784.0 220.61
834.0 275.87
782.65 220.0
834.0 276.92
782.0 219.16
835.0 277.64
781.0 218.43
835.0 278.7
779.1 218.0
835.0 279.75
778.94 217.0
836.0 280.47
777.0 216.58
836.0 281.53
775.55 216.0
837.0 282.25
775.0 215.13
837.0 283.3
773.0 214.72
838.0 284.03
771.99 214.0
838.0 285.08
771.0 213.27
838.41 286.0
769.0 212.87
839.0 286.86
768.44 212.0
839.0 287.91
766.0 211.74
839.0 288.96
765.05 211.0
841.0 289.36
764.0 210.29
842.0 290.09
762.0 209.89
842.44 291.0
761.49 209.0
844.0 291.54
759.0 208.76
845.83 292.0
758.1 208.0
846.0 293.0
756.0 207.63
848.0 293.4
754.7 207.0
849.0 294.13
753.0 206.5
849.54 295.0
751.31 206.0
851.0 295.58
750.0 205.37
852.94 296.0
747.92 205.0
853.1 297.0
747.0 204.25
854.0 297.76
744.52 204.0
856.0 298.16
744.0 203.12
856.65 299.0
741.13 203.0
858.0 299.61
740.0 202.31
859.0 300.34
737.73 202.0
860.2 301.0
736.0 201.51
861.0 301.79
734.34 201.0
862.0 302.52
732.0 200.71
863.76 303.0
730.94 200.0
864.0 303.97
727.71 200.0
865.0 304.7
727.0 199.18
867.0 305.1
724.31 199.0
867.47 306.0
722.0 198.7
868.0 306.88
720.92 198.0
870.0 307.28
717.68 198.0
871.0 308.01
716.0 197.5
871.18 309.0
714.29 197.0
872.0 309.78
711.05 197.0
873.0 310.51
709.0 196.62
874.73 311.0
707.66 196.0
875.0 311.96
704.42 196.0
876.0 312.69
701.19 196.0
877.0 313.42
701.0 195.01
878.0 314.14
697.79 195.0
878.6 315.0
694.55 195.0
879.0 315.92
691.32 195.0
880.0 316.65
691.0 194.05
881.0 317.37
687.92 194.0
882.0 318.1
684.69 194.0
882.47 319.0
681.45 194.0
883.0 319.88
678.22 194.0
884.0 320.61
677.0 193.34
885.0 321.33
674.82 193.0
885.0 322.38
671.59 193.0
886.0 323.11
668.35 193.0
886.5 324.0
665.11 193.0
887.0 324.89
661.88 193.0
888.0 325.61
658.64 193.0
889.0 326.34
912.0 369.5
903.0 350.5
914.0 370.5
902.0 349.5
918.0 371.5
902.0 348.5
919.0 372.5
901.0 347.5
921.0 373.5
901.0 346.5
922.0 374.5
900.0 345.5
923.0 375.5
900.0 344.5
923.0 376.5
899.0 343.5
924.0 377.5
899.0 342.5
924.0 378.5
898.0 341.5
925.0 379.5
898.0 340.5
925.0 380.5
897.0 339.5
926.0 381.5
897.0 338.5
926.0 382.5
896.0 337.5
926.0 383.5
895.0 336.5
927.0 384.5
895.0 335.5
927.0 385.5
894.0 334.5
927.0 386.5
893.0 333.5
927.0 387.5
893.0 332.5
927.0 388.5
892.0 331.5
927.0 389.5
892.0 330.5
927.0 390.5
891.0 329.5
927.0 391.5
890.0 328.5
927.0 392.5
889.0 327.5
927.0 393.5
889.0 326.5
927.0 394.5
888.0 325.5
927.0 395.5
887.0 324.5
927.0 396.5
886.0 323.5
927.0 397.5
885.0 322.5
927.0 398.5
885.0 321.5
927.0 399.5
884.0 320.5
927.0 400.5
883.0 319.5
927.0 401.5
882.0 318.5
927.0 402.5
881.0 317.5
927.0 403.5
880.0 316.5
927.0 404.5
879.0 315.5
927.0 405.5
878.0 314.5
927.0 406.5
877.0 313.5
927.0 407.5
876.0 312.5
927.0 408.5
875.0 311.5
927.0 409.5
873.0 310.5
927.0 410.5
872.0 309.5
927.0 411.5
871.0 308.5
927.0 412.5
870.0 307.5
927.0 413.5
868.0 306.5
927.0 414.5
867.0 305.5
927.0 415.5
865.0 304.5
927.0 416.5
864.0 303.5
927.0 417.5
862.0 302.5
927.0 418.5
861.0 301.5
927.0 419.5
859.0 300.5
927.0 420.5
858.0 299.5
927.0 421.5
856.0 298.5
927.0 422.5
854.0 297.5
927.0 423.5
853.0 296.5
927.0 424.5
851.0 295.5
927.0 425.5
849.0 294.5
927.0 426.5
848.0 293.5
913.0 427.5
846.0 292.5
868.0 428.5
844.0 291.5
868.0 429.5
842.0 290.5
868.0 430.5
841.0 289.5
868.0 431.5
839.0 288.5
868.0 432.5
839.0 287.5
867.0 433.5
839.0 286.5
867.0 434.5
838.0 285.5
867.0 435.5
838.0 284.5
867.0 436.5
837.0 283.5
867.0 437.5
837.0 282.5
867.0 438.5
836.0 281.5
867.0 439.5
836.0 280.5
866.0 440.5
835.0 279.5
866.0 441.5
835.0 278.5
866.0 442.5
835.0 277.5
866.0 443.5
834.0 276.5
866.0 444.5
834.0 275.5
866.0 445.5
833.0 274.5
865.0 446.5
833.0 273.5
865.0 447.5
832.0 272.5
865.0 448.5
831.0 271.5
865.0 449.5
831.0 270.5
865.0 450.5
830.0 269.5
864.0 451.5
830.0 268.5
864.0 452.5
829.0 267.5
864.0 453.5
829.0 266.5
864.0 454.5
828.0 265.5
863.0 455.5
828.0 264.5
863.0 456.5
827.0 263.5
863.0 457.5
826.0 262.5
862.0 458.5
826.0 261.5
862.0 459.5
