172.0 132.88
171.0 129.4
172.0 133.94
171.0 128.35
172.0 134.99
171.0 127.3
172.0 136.04
171.0 126.25
172.0 137.09
170.0 124.87
172.0 138.14
170.0 123.82
173.0 139.52
169.0 122.45
173.0 140.57
169.0 121.39
173.0 141.62
169.0 120.34
173.0 142.67
169.0 119.29
173.0 143.72
168.0 117.92
173.0 144.78
168.0 116.86
174.0 146.15
167.0 115.49
174.0 147.2
167.0 114.44
174.0 148.25
166.0 113.06
174.0 149.31
166.0 112.01
174.0 150.36
165.0 110.63
174.0 151.41
165.0 109.58
174.0 152.46
164.0 108.2
174.0 153.51
164.0 107.15
174.0 154.56
163.0 105.78
174.0 155.61
163.0 104.72
174.0 156.67
162.0 103.35
174.0 157.72
161.0 101.97
174.0 158.77
160.0 100.6
174.0 159.82
160.0 99.544
174.0 160.87
159.0 98.168
174.0 161.92
157.0 96.467
174.0 162.97
157.0 95.415
173.92 164.0
157.0 94.364
173.0 164.75
155.0 92.662
173.0 165.8
154.0 91.286
173.0 166.86
154.0 90.234
173.0 167.91
152.0 88.533
173.0 168.96
151.0 87.157
173.0 170.01
149.0 85.455
173.0 171.06
148.0 84.079
173.0 172.11
148.0 83.028
172.49 173.0
147.0 81.651
172.0 173.89
147.0 80.6
172.0 174.94
148.0 79.873
172.0 175.99
148.0 78.822
172.0 177.05
148.0 77.77
172.0 178.1
148.0 76.719
172.0 179.15
148.0 75.667
172.0 180.2
148.0 74.616
172.0 181.25
149.0 73.889
172.0 182.3
149.0 72.838
171.0 183.03
174.0 157.18
174.0 149.77
173.18 164.0
174.0 148.53
173.0 165.11
174.0 147.29
173.0 166.34
174.0 146.06
173.0 167.58
173.0 141.62
172.0 173.03
171.0 129.05
172.0 181.69
171.0 127.81
172.0 182.92
171.0 126.57
171.0 183.43
170.0 124.61
171.0 184.67
170.0 123.37
171.0 185.9
169.0 121.41
171.0 187.14
169.0 120.18
170.48 188.0
168.0 118.21
170.0 188.89
168.0 116.98
170.0 190.12
167.0 115.01
170.0 191.36
166.0 113.05
169.18 192.0
166.0 111.82
169.0 193.1
165.0 109.85
169.0 194.34
164.0 107.89
169.0 195.58
163.0 105.93
169.0 196.81
163.0 104.69
168.93 198.0
161.0 102.0
168.0 198.56
160.0 100.04
168.0 199.79
159.0 98.078
167.96 201.0
157.0 95.388
167.0 201.54
157.0 94.152
167.0 202.78
154.0 90.737
166.98 204.0
152.0 88.048
166.0 204.52
148.0 83.905
166.0 205.76
147.0 81.943
166.0 206.99
147.0 80.707
166.0 208.23
147.73 80.0
165.36 209.0
148.0 78.961
165.0 209.97
148.0 77.725
165.0 211.21
171.0 186.21
169.0 197.07
171.0 184.51
168.44 198.0
171.14 183.0
168.0 199.1
172.0 182.49
168.0 200.8
172.0 180.78
167.0 201.12
172.0 179.08
167.0 202.82
172.0 177.38
166.62 204.0
172.0 175.68
166.0 204.85
172.0 173.98
166.0 206.55
172.52 173.0
166.0 208.25
173.0 171.95
165.31 209.0
173.0 170.25
165.0 210.28
173.0 168.55
165.0 211.98
173.0 166.85
164.0 212.31
173.0 165.15
163.99 214.0
173.4 164.0
163.0 214.33
174.0 163.12
163.0 216.03
174.0 161.42
162.47 217.0
174.0 159.72
161.96 218.0
174.0 158.02
161.0 218.38
174.0 156.32
160.21 219.0
174.0 154.61
158.98 219.0
174.0 152.91
157.74 219.0
174.0 151.21
156.5 219.0
174.0 149.51
155.27 219.0
174.0 147.81
152.58 217.0
174.0 146.11
151.34 217.0
173.0 143.03
147.2 213.0
173.0 141.33
137.24 201.0
173.0 139.63
136.0 200.99
172.0 136.55
136.0 202.69
172.0 134.85
136.0 204.39
172.0 133.15
136.0 206.09
172.0 131.45
136.0 207.79
171.0 128.37
136.0 209.49
171.0 126.67
135.13 210.0
170.0 123.59
135.0 211.52
169.0 120.51
134.11 212.0
168.0 117.43
129.24 207.0
167.0 114.36
125.1 203.0
166.0 111.28
123.14 202.0
163.0 105.45
120.45 200.0
160.0 99.618
119.21 200.0
147.0 80.024
117.98 200.0
148.0 79.699
116.74 200.0
148.0 77.998
115.51 200.0
143.53 208.0
151.71 217.0
136.0 201.01
152.76 217.0
136.0 207.48
155.52 219.0
135.77 210.0
156.57 219.0
135.0 210.87
157.62 219.0
134.31 212.0
158.67 219.0
133.26 212.0
159.72 219.0
131.24 209.0
160.77 219.0
129.54 207.0
161.5 218.0
128.16 206.0
162.23 217.0
126.46 204.0
163.0 216.15
125.08 203.0
163.35 214.0
123.71 202.0
164.0 212.75
122.33 201.0
164.81 212.0
120.95 200.0
165.0 209.36
119.9 200.0
165.94 209.0
118.85 200.0
166.0 205.96
117.8 200.0
166.41 204.0
116.75 200.0
167.0 202.57
115.7 200.0
167.54 201.0
114.97 201.0
168.0 199.17
114.0 201.25
168.67 198.0
113.19 202.0
169.0 195.78
112.14 202.0
169.0 192.54
111.41 203.0
169.87 192.0
110.69 204.0
170.0 189.15
109.96 205.0
170.68 188.0
109.0 205.28
171.0 185.75
108.51 207.0
171.16 183.0
108.0 208.68
172.0 182.36
107.05 209.0
172.0 179.12
106.33 210.0
172.0 175.89
106.0 212.23
172.11 173.0
105.2 213.0
173.0 172.49
104.15 213.0
173.0 169.26
98.872 200.0
173.0 166.02
98.0 200.55
173.39 164.0
97.094 201.0
174.0 162.63
96.692 203.0
174.0 159.39
95.966 204.0
174.0 156.15
95.0 204.26
174.0 152.92
94.838 207.0
174.0 149.68
93.786 207.0
174.0 146.45
92.085 205.0
173.0 140.13
88.109 196.0
113.5 202.0
111.5 203.0
114.5 201.0
110.5 204.0
115.5 200.0
109.5 205.0
116.5 200.0
108.5 207.0
117.5 200.0
107.5 209.0
118.5 200.0
106.5 210.0
119.5 200.0
105.5 213.0
120.5 200.0
104.5 213.0
121.5 200.0
103.5 210.0
122.5 201.0
102.5 199.0
123.5 202.0
101.5 199.0
124.5 202.0
100.5 199.0
125.5 203.0
99.5 199.0
126.5 204.0
98.5 200.0
127.5 205.0
97.5 201.0
128.5 206.0
96.5 203.0
129.5 207.0
95.5 204.0
130.5 208.0
94.5 207.0
131.5 209.0
93.5 207.0
132.5 210.0
92.5 205.0
133.5 212.0
91.5 195.0
134.5 212.0
90.5 195.0
135.5 210.0
89.5 195.0
136.5 200.0
88.5 196.0
137.5 201.0
87.5 196.0
138.5 202.0
86.5 198.0
139.5 203.0
85.5 199.0
140.5 204.0
84.5 202.0
141.5 205.0
83.5 205.0
142.5 207.0
82.5 205.0
143.5 208.0
81.5 203.0
144.5 209.0
80.5 171.0
145.5 211.0
79.5 170.0
146.5 212.0
78.5 169.0
147.5 213.0
77.5 169.0
148.5 214.0
76.5 168.0
149.5 215.0
75.5 167.0
150.5 216.0
74.5 166.0
151.5 217.0
73.5 165.0
152.5 217.0
72.5 164.0
153.5 217.0
71.5 163.0
154.5 218.0
70.5 163.0
155.5 219.0
69.5 162.0
156.5 219.0
68.5 160.0
157.5 219.0
67.5 160.0
158.5 219.0
66.5 158.0
159.5 219.0
65.5 157.0
160.5 219.0
64.5 156.0
161.5 218.0
63.5 154.0
82.445 205.0
83.496 205.0
82.0 203.13
86.822 198.0
81.0 202.97
88.524 196.0
81.0 199.74
89.9 195.0
81.0 196.5
90.951 195.0
87.0 174.8
92.003 195.0
86.209 174.0
92.0 198.24
85.157 174.0
92.0 201.48
84.431 173.0
92.0 204.72
83.704 172.0
92.96 205.0
82.653 172.0
93.361 207.0
81.926 171.0
94.413 207.0
80.875 171.0
96.764 203.0
80.0 170.46
98.79 200.0
79.097 170.0
101.22 199.0
77.319 169.0
102.27 199.0
76.592 168.0
103.0 199.99
75.866 167.0
103.0 203.22
75.0 166.43
103.0 206.46
74.088 166.0
103.0 209.7
73.361 165.0
103.95 210.0
72.634 164.0
104.03 213.0
71.908 163.0
105.08 213.0
70.856 163.0
107.43 209.0
70.0 162.4
109.78 205.0
69.078 162.0
111.48 203.0
68.677 160.0
112.86 202.0
67.625 160.0
113.91 202.0
67.0 158.69
116.66 200.0
65.446 157.0
117.72 200.0
64.719 156.0
118.77 200.0
64.0 154.98
119.82 200.0
63.266 154.0
120.87 200.0
62.54 153.0
121.92 200.0
62.0 151.42
122.65 201.0
61.086 151.0
123.38 202.0
60.685 149.0
124.43 202.0
60.0 147.87
125.15 203.0
59.232 147.0
126.0 203.63
58.505 146.0
126.93 204.0
58.0 144.32
127.66 205.0
57.702 142.0
128.38 206.0
57.0 140.92
129.11 207.0
56.249 140.0
130.0 207.5
56.0 137.53
130.89 208.0
55.121 137.0
131.62 209.0
55.0 134.14
132.34 210.0
54.967 131.0
74.0 165.49
68.101 160.0
81.122 171.0
67.0 159.81
82.0 171.49
67.0 158.11
82.867 172.0
66.0 157.79
84.0 172.14
65.336 157.0
84.613 173.0
64.827 156.0
85.123 174.0
64.0 155.44
86.359 174.0
63.807 154.0
87.0 174.82
63.0 153.41
88.104 175.0
62.062 153.0
89.0 175.47
62.0 151.38
89.85 176.0
61.043 151.0
91.0 176.12
61.0 149.36
91.595 177.0
60.024 149.0
92.105 178.0
60.0 147.33
82.0 193.61
59.005 147.0
81.0 196.69
58.495 146.0
81.0 198.39
58.0 144.98
81.0 200.09
58.0 143.28
81.0 201.79
57.693 142.0
81.358 203.0
57.0 141.25
82.0 203.82
56.674 140.0
82.377 205.0
56.0 139.23
83.613 205.0
56.0 137.53
92.114 195.0
55.146 137.0
92.0 196.86
55.0 135.5
92.0 198.56
55.0 133.8
92.0 200.26
55.0 132.1
92.0 201.96
54.561 131.0
92.0 203.66
54.0 130.07
92.265 205.0
54.0 128.37
93.0 205.69
54.0 126.67
93.284 207.0
54.0 124.97
94.521 207.0
53.466 124.0
101.57 199.0
53.0 122.94
102.8 199.0
53.0 121.24
103.0 200.43
53.0 119.54
103.0 202.13
53.0 117.84
103.0 203.84
53.0 116.13
103.0 205.54
53.0 114.43
103.0 207.24
53.0 112.73
103.0 208.94
53.0 111.03
59.911 147.0
63.0 153.41
59.0 146.43
63.887 154.0
58.0 145.92
64.536 156.0
58.0 142.21
66.0 157.41
57.0 141.7
66.888 158.0
57.0 140.46
67.0 159.15
56.0 139.95
67.537 160.0
56.0 138.72
69.0 160.17
56.0 137.48
69.0 161.41
55.0 136.97
69.889 162.0
55.0 135.74
70.214 163.0
55.0 134.5
71.915 163.0
55.0 133.26
72.24 164.0
55.0 132.03
73.0 164.68
54.712 131.0
74.0 165.19
54.0 130.28
74.591 166.0
54.0 129.05
75.0 166.94
54.0 127.81
76.0 167.45
54.0 126.57
76.942 168.0
54.0 125.34
77.267 169.0
54.0 124.1
78.968 169.0
53.0 123.59
79.293 170.0
53.0 122.36
80.0 170.72
53.0 121.12
81.319 171.0
53.0 119.88
82.0 171.74
53.0 118.65
83.346 172.0
53.0 117.41
84.0 172.76
53.0 116.18
85.0 173.27
53.0 114.94
85.697 174.0
53.0 113.7
87.0 174.29
53.0 112.47
87.723 175.0
53.0 111.23
89.0 175.31
53.0 109.99
89.749 176.0
54.0 108.03
91.0 176.33
54.0 106.8
91.775 177.0
54.0 105.56
92.1 178.0
54.0 104.32
93.802 178.0
54.0 103.09
95.0 178.37
54.0 101.85
95.828 179.0
55.0 99.889
97.0 179.38
55.0 98.653
97.854 180.0
55.0 97.417
83.0 192.03
55.0 96.181
82.0 193.99
55.0 94.945
81.0 195.95
55.0 93.709
55.0 132.23
54.0 130.46
55.0 133.29
54.0 129.4
55.0 134.34
54.0 128.35
55.0 135.39
54.0 127.3
55.0 136.44
54.0 126.25
56.0 137.17
54.0 125.2
56.0 138.22
54.0 124.15
56.0 139.27
53.0 123.42
56.988 140.0
53.0 122.37
57.0 141.05
53.0 121.32
57.305 142.0
53.0 120.27
58.0 142.83
53.0 119.22
58.0 143.88
53.0 118.16
58.0 144.93
53.0 117.11
58.0 145.98
53.0 116.06
59.0 146.71
53.0 115.01
60.0 147.43
53.0 113.96
60.0 148.48
53.0 112.91
61.0 149.21
53.0 111.85
61.0 150.26
53.0 110.8
61.967 151.0
53.0 109.75
62.0 152.04
54.0 108.38
62.283 153.0
54.0 107.32
63.0 153.82
54.0 106.27
64.0 154.55
54.0 105.22
64.0 155.6
54.0 104.17
65.0 156.32
54.0 103.12
66.0 157.05
54.0 102.07
66.311 158.0
54.0 101.02
67.0 158.83
55.0 99.639
67.0 159.88
55.0 98.588
69.0 160.28
55.0 97.536
69.0 161.33
55.0 96.485
70.0 162.06
55.0 95.433
70.339 163.0
55.0 94.382
72.0 163.51
55.0 93.33
73.0 164.24
55.0 92.279
73.892 165.0
56.0 90.902
74.051 166.0
56.0 89.851
75.0 166.74
56.0 88.799
76.0 167.47
57.0 87.423
77.0 168.2
57.0 86.372
77.762 169.0
57.0 85.32
79.0 169.65
58.0 83.944
80.0 170.38
58.0 82.892
81.315 171.0
58.0 81.841
82.0 171.83
58.0 80.789
84.0 172.23
57.193 80.0
84.867 173.0
57.0 79.011
53.0 120.5
54.0 104.5
53.0 121.5
54.0 103.5
53.0 122.5
54.0 102.5
53.0 123.5
54.0 101.5
54.0 124.5
55.0 100.5
54.0 125.5
55.0 99.5
54.0 126.5
55.0 98.5
54.0 127.5
55.0 97.5
54.0 128.5
55.0 96.5
54.0 129.5
55.0 95.5
54.0 130.5
55.0 94.5
55.0 133.5
56.0 91.5
55.0 134.5
56.0 90.5
55.0 135.5
56.0 89.5
55.0 136.5
56.0 88.5
56.0 137.5
57.0 87.5
56.0 138.5
57.0 86.5
56.0 139.5
57.0 85.5
57.0 140.5
58.0 84.5
57.0 141.5
58.0 83.5
58.0 145.5
57.0 79.5
59.0 146.5
57.0 78.5
60.0 147.5
57.0 77.5
60.0 148.5
57.0 76.5
61.0 149.5
57.0 75.5
61.0 150.5
56.0 74.5
62.0 151.5
56.0 73.5
62.0 152.5
56.0 72.5
63.0 153.5
56.0 71.5
64.0 154.5
56.0 70.5
64.0 155.5
56.0 69.5
65.0 156.5
56.0 68.5
66.0 157.5
56.0 67.5
67.0 158.5
56.0 66.5
67.0 159.5
56.0 65.5
69.0 160.5
56.0 64.5
69.0 161.5
56.0 63.5
54.454 101.0
57.0 87.107
54.0 101.9
57.0 86.055
54.0 102.96
57.0 85.004
54.0 104.01
58.0 84.277
54.0 105.06
58.0 83.226
54.0 106.11
58.0 82.174
54.0 107.16
58.0 81.123
54.0 108.21
57.0 79.746
53.187 109.0
57.0 78.695
53.0 109.99
57.0 77.644
53.0 111.04
57.0 76.592
53.0 112.09
57.0 75.541
53.0 113.15
56.0 74.164
53.0 114.2
56.0 73.113
53.0 115.25
56.0 72.061
53.0 116.3
56.0 71.01
53.0 117.35
56.0 69.958
53.0 118.4
56.0 68.907
53.0 119.45
56.0 67.855
53.0 120.51
56.0 66.804
53.0 121.56
56.0 65.753
53.0 122.61
56.0 64.701
53.0 123.66
56.0 63.65
54.0 125.04
56.0 62.598
54.0 126.09
56.0 61.547
54.0 127.14
56.0 60.495
54.0 128.19
56.0 59.444
54.0 129.24
56.0 58.392
54.0 130.29
56.0 57.341
55.0 131.67
56.0 56.289
55.0 132.72
56.0 55.238
55.0 133.77
56.0 54.186
55.0 134.82
57.0 53.46
55.0 135.88
57.0 52.408
55.0 136.93
57.0 51.357
56.0 138.3
57.0 50.306
56.0 139.35
58.0 49.579
57.0 140.73
58.0 48.528
57.0 141.78
58.0 47.476
58.0 145.26
59.0 43.595
56.0 68.978
57.0 75.885
56.0 67.742
57.0 77.121
56.0 66.506
57.0 78.357
56.0 65.27
57.0 79.593
56.0 64.034
58.0 81.556
56.0 62.798
58.0 82.792
56.0 61.562
58.0 84.028
56.0 60.326
57.636 85.0
56.0 59.09
57.0 85.774
56.0 57.854
57.0 87.01
56.0 56.618
56.0 55.381
56.0 89.991
57.0 53.636
56.0 91.227
57.0 52.4
55.362 92.0
57.0 51.164
55.0 92.973
57.1 50.0
55.0 94.209
58.0 49.418
55.0 95.445
58.0 48.182
55.0 96.681
58.0 46.946
55.0 97.917
58.0 45.71
55.0 99.153
58.724 45.0
55.0 100.39
59.0 43.964
54.139 101.0
59.0 42.728
54.0 102.14
59.699 42.0
54.0 103.37
60.0 40.983
54.0 104.61
60.349 40.0
54.0 105.84
61.0 39.237
54.0 107.08
61.0 38.001
54.0 108.32
61.324 37.0
53.241 109.0
62.0 36.255
53.0 110.06
63.0 35.746
53.0 111.3
63.675 35.0
53.0 112.53
64.0 34.0
53.0 113.77
64.0 32.764
53.0 115.01
64.649 32.0
53.0 116.24
65.0 31.019
53.0 117.48
65.0 29.783
53.0 118.71
65.624 29.0
53.0 119.95
66.0 28.037
53.0 121.19
66.0 26.801
53.0 122.42
66.0 25.565
53.0 123.66
66.0 24.329
54.0 125.62
60.0 18.733
54.0 126.86
60.692 18.0
54.0 128.09
62.0 17.714
54.0 129.33
62.718 17.0
54.0 130.56
61.0 14.516
60.0 41.941
61.0 39.915
59.0 42.266
61.0 38.214
58.514 45.0
62.0 36.188
58.0 45.994
63.0 35.863
58.0 47.695
63.609 35.0
58.0 49.396
64.0 33.836
57.203 50.0
64.0 32.135
57.0 51.423
65.0 31.81
57.0 53.124
65.0 30.109
56.0 55.15
66.0 28.083
56.0 56.851
60.0 18.123
56.0 58.553
55.0 9.5398
56.0 60.254
55.117 8.0
56.0 63.657
57.589 8.0
56.0 65.358
58.826 8.0
56.0 67.059
60.788 9.0
56.0 68.76
62.751 10.0
56.0 70.462
63.987 10.0
56.0 72.163
65.949 11.0
56.0 73.864
67.912 12.0
57.0 76.942
69.875 13.0
57.0 78.643
77.0 21.106
58.0 81.721
78.0 20.781
58.0 83.422
78.669 20.0
57.91 85.0
79.178 19.0
57.0 85.449
80.414 19.0
57.0 87.15
81.65 19.0
56.382 88.0
82.16 18.0
56.0 89.176
83.396 18.0
55.58 92.0
85.141 17.0
55.0 92.904
86.378 17.0
55.0 94.605
87.0 16.155
55.0 96.306
88.123 16.0
55.0 98.008
89.359 16.0
55.0 99.709
90.595 16.0
54.702 101.0
91.831 16.0
54.0 101.74
93.0 15.907
54.0 103.44
93.577 15.0
54.0 105.14
94.813 15.0
54.0 106.84
96.049 15.0
54.0 108.54
97.285 15.0
53.098 109.0
98.521 15.0
53.0 110.57
99.757 15.0
53.0 112.27
100.99 15.0
53.0 113.97
102.23 15.0
81.069 19.0
82.847 18.0
79.0 19.106
84.625 17.0
78.239 20.0
85.676 17.0
77.513 21.0
86.727 17.0
76.786 22.0
87.454 16.0
74.76 19.0
88.505 16.0
71.357 15.0
90.608 16.0
69.656 13.0
91.66 16.0
68.604 13.0
92.711 16.0
67.228 12.0
93.438 15.0
65.852 11.0
94.489 15.0
64.475 10.0
95.541 15.0
63.424 10.0
96.592 15.0
62.372 10.0
97.644 15.0
60.996 9.0
98.695 15.0
59.944 9.0
99.747 15.0
58.568 8.0
100.8 15.0
57.517 8.0
101.85 15.0
56.465 8.0
102.9 15.0
55.414 8.0
103.95 15.0
55.0 9.9628
105.0 15.0
62.409 36.0
106.06 15.0
61.682 37.0
107.11 15.0
61.0 38.137
108.48 16.0
60.554 40.0
109.53 16.0
60.0 41.532
110.59 16.0
59.101 42.0
111.64 16.0
59.0 44.926
112.69 16.0
58.0 45.084
113.74 16.0
58.0 48.32
115.12 17.0
57.494 50.0
116.17 17.0
57.0 51.715
117.54 18.0
56.691 54.0
118.6 18.0
56.0 55.109
119.97 19.0
56.0 58.345
121.02 19.0
56.0 61.581
122.4 20.0
56.0 64.818
123.45 20.0
56.0 68.054
124.83 21.0
56.0 71.29
125.88 21.0
56.0 74.526
127.26 22.0
58.0 83.917
128.0 21.053
57.3 85.0
128.71 20.0
57.0 87.312
129.44 19.0
56.172 88.0
130.0 17.5
56.0 90.706
130.89 17.0
55.369 92.0
131.62 16.0
55.0 94.101
132.34 15.0
110.5 16.0
114.5 17.0
109.5 16.0
115.5 17.0
108.5 16.0
116.5 17.0
107.5 15.0
117.5 18.0
106.5 15.0
118.5 18.0
105.5 15.0
119.5 19.0
104.5 15.0
120.5 19.0
103.5 15.0
121.5 19.0
102.5 15.0
122.5 20.0
101.5 15.0
123.5 20.0
100.5 15.0
124.5 21.0
99.5 15.0
125.5 21.0
98.5 15.0
126.5 22.0
97.5 15.0
127.5 22.0
96.5 15.0
128.5 20.0
95.5 15.0
129.5 19.0
94.5 15.0
130.5 17.0
93.5 15.0
131.5 16.0
92.5 16.0
132.5 15.0
91.5 16.0
133.5 14.0
90.5 16.0
134.5 13.0
89.5 16.0
135.5 13.0
88.5 16.0
136.5 12.0
87.5 16.0
137.5 11.0
86.5 17.0
138.5 11.0
85.5 17.0
139.5 10.0
84.5 17.0
140.5 10.0
83.5 18.0
141.5 10.0
82.5 18.0
142.5 10.0
81.5 19.0
143.5 9.0
80.5 19.0
144.5 9.0
79.5 19.0
145.5 8.0
78.5 20.0
146.5 8.0
77.5 21.0
147.5 8.0
76.5 22.0
148.5 52.0
75.5 20.0
149.5 56.0
74.5 19.0
150.5 87.0
73.5 18.0
151.5 88.0
72.5 16.0
152.5 89.0
71.5 15.0
153.5 90.0
70.5 14.0
154.5 92.0
69.5 13.0
155.5 93.0
68.5 13.0
156.5 94.0
67.5 12.0
157.5 97.0
66.5 12.0
158.5 98.0
65.5 11.0
159.5 99.0
64.5 10.0
160.5 101.0
63.5 10.0
161.5 103.0
146.45 8.0
144.03 9.0
148.0 9.7144
142.65 10.0
141.0 34.494
141.6 10.0
141.89 35.0
140.55 10.0
142.29 37.0
139.5 10.0
143.02 38.0
138.12 11.0
144.47 40.0
132.61 15.0
146.0 44.994
131.24 16.0
147.0 45.153
129.21 19.0
147.45 47.0
127.18 22.0
148.0 48.547
126.13 22.0
148.98 52.0
124.36 21.0
149.78 56.0
121.85 19.0
150.0 61.808
120.8 19.0
150.0 65.044
119.75 19.0
150.0 68.28
119.0 18.065
148.0 77.672
117.97 18.0
147.32 83.0
117.0 17.749
148.0 84.144
116.19 17.0
148.77 85.0
115.14 17.0
149.5 86.0
114.09 17.0
150.23 87.0
113.36 16.0
151.0 87.855
112.31 16.0
152.0 88.014
111.26 16.0
152.73 89.0
110.21 16.0
153.46 90.0
109.16 16.0
154.0 91.566
108.11 16.0
154.91 92.0
107.38 15.0
155.64 93.0
106.33 15.0
156.36 94.0
105.28 15.0
157.0 95.278
104.22 15.0
157.49 97.0
103.17 15.0
158.22 98.0
102.12 15.0
159.0 98.83
101.07 15.0
160.0 99.0
100.02 15.0
160.4 101.0
98.967 15.0
161.0 102.38
97.915 15.0
162.58 104.0
95.812 15.0
163.0 105.94
94.761 15.0
163.71 107.0
93.709 15.0
164.11 109.0
92.333 16.0
165.0 109.49
150.0 60.886
150.0 65.99
149.0 55.457
150.0 67.691
149.0 53.756
149.0 72.47
148.0 51.729
148.0 78.95
147.73 47.0
147.0 82.028
147.0 46.301
147.53 83.0
146.71 45.0
148.0 84.054
146.0 44.274
148.55 85.0
145.69 43.0
149.06 86.0
145.0 42.248
150.0 86.405
145.0 40.547
150.8 87.0
144.16 40.0
151.31 88.0
144.0 38.521
152.0 88.756
143.14 38.0
153.0 89.081
142.63 37.0
153.57 90.0
142.0 36.169
154.0 91.107
141.61 35.0
154.59 92.0
141.0 34.143
155.1 93.0
140.0 33.818
156.0 93.459
139.36 33.0
156.84 94.0
139.0 31.792
157.0 95.485
139.0 30.091
157.14 97.0
138.56 29.0
158.0 97.511
138.0 28.065
158.88 98.0
144.0 18.105
159.39 99.0
142.84 18.0
160.0 99.862
148.0 9.1968
160.41 101.0
147.63 8.0
161.0 101.89
146.4 8.0
161.43 103.0
145.16 8.0
162.0 103.91
143.2 9.0
163.0 104.24
141.24 10.0
163.0 105.94
140.0 10.0
163.47 107.0
138.04 11.0
164.0 107.97
136.07 12.0
164.49 109.0
134.11 13.0
165.0 109.99
126.34 22.0
165.5 111.0
125.83 21.0
166.0 112.02
124.59 21.0
166.0 113.72
124.0 20.113
167.0 114.05
122.85 20.0
167.0 115.75
122.0 19.463
168.0 116.07
121.1 19.0
168.0 117.77
119.86 19.0
168.34 119.0
148.65 85.0
151.0 87.0
147.0 81.254
153.0 89.255
148.0 79.291
153.68 90.0
148.0 78.055
154.0 91.001
148.0 76.819
154.33 92.0
148.0 75.583
155.0 92.747
149.0 73.621
156.0 93.256
149.0 72.384
156.68 94.0
149.0 69.912
157.0 96.238
150.0 67.95
157.65 97.0
150.0 66.714
158.0 97.983
150.0 65.478
159.0 98.493
150.0 64.241
160.0 99.002
150.0 63.005
160.0 100.24
150.0 61.769
160.65 101.0
150.0 60.533
161.0 101.98
150.0 59.297
161.3 103.0
150.0 58.061
162.0 103.73
150.0 56.825
163.0 104.24
149.43 56.0
163.0 105.48
149.0 55.079
163.0 106.71
149.0 53.843
164.0 107.22
149.0 52.607
164.0 108.46
148.13 52.0
164.95 109.0
148.0 50.862
165.0 110.2
148.0 49.626
165.6 111.0
148.0 48.39
166.0 111.95
148.0 47.154
166.0 113.18
147.0 46.644
166.58 114.0
147.0 45.408
167.0 114.93
146.0 44.898
167.23 116.0
146.0 43.662
168.0 116.68
145.21 43.0
168.0 117.91
145.0 41.917
168.2 119.0
145.0 40.681
169.0 119.66
144.24 40.0
169.0 120.89
144.0 38.935
169.0 122.13
143.59 38.0
169.5 123.0
143.0 37.19
170.0 123.87
142.0 36.68
170.0 125.11
142.0 35.444
170.48 126.0
141.0 34.934
171.0 126.86
140.58 34.0
171.0 128.09
140.0 33.189
171.0 129.33
139.0 32.679
171.78 130.0
157.0 95.938
160.0 99.169
157.0 94.887
161.0 102.0
155.0 92.382
161.15 103.0
154.0 91.656
162.0 103.78
154.0 90.604
163.0 104.5
153.0 89.878
164.0 107.33
151.0 87.373
164.0 108.38
150.0 86.647
165.0 109.11
149.0 85.92
165.0 110.16
148.6 85.0
165.66 111.0
148.0 84.142
166.0 111.94
148.0 83.09
166.0 112.99
147.0 82.364
166.13 114.0
147.0 81.312
167.0 114.77
148.0 79.936
167.0 115.82
148.0 78.885
168.0 116.55
148.0 77.833
168.0 117.6
148.0 76.782
168.0 118.65
148.0 75.73
169.0 119.38
148.0 74.679
169.0 120.43
149.0 73.302
169.0 121.48
149.0 72.251
169.0 122.53
149.0 71.199
170.0 123.26
149.0 70.148
170.0 124.31
150.0 68.772
170.0 125.36
150.0 67.72
171.0 126.09
150.0 66.669
171.0 127.14
150.0 65.617
171.0 128.19
150.0 64.566
171.0 129.24
150.0 63.514
171.9 130.0
150.0 62.463
172.0 131.02
150.0 61.411
172.0 132.07
150.0 60.36
172.0 133.12
150.0 59.308
172.0 134.17
150.0 58.257
172.0 135.23
150.0 57.206
172.0 136.28
150.0 56.154
172.0 137.33
149.0 55.428
172.0 138.38
149.0 54.376
173.0 139.11
149.0 53.325
173.0 140.16
149.0 52.273
173.0 141.21
148.0 51.547
173.0 142.26
148.0 50.495
173.0 143.31
148.0 49.444
173.0 144.36
165.0 110.5
167.0 114.5
165.0 109.5
167.0 115.5
164.0 108.5
168.0 116.5
164.0 107.5
168.0 117.5
163.0 106.5
168.0 118.5
163.0 105.5
169.0 119.5
163.0 104.5
169.0 120.5
162.0 103.5
169.0 121.5
161.0 102.5
169.0 122.5
161.0 101.5
170.0 123.5
160.0 100.5
170.0 124.5
160.0 99.5
170.0 125.5
159.0 98.5
171.0 126.5
158.0 97.5
171.0 127.5
157.0 96.5
171.0 128.5
157.0 95.5
171.0 129.5
157.0 94.5
172.0 130.5
156.0 93.5
172.0 131.5
155.0 92.5
172.0 132.5
154.0 91.5
172.0 133.5
154.0 90.5
172.0 134.5
153.0 89.5
172.0 135.5
152.0 88.5
172.0 136.5
151.0 87.5
172.0 137.5
150.0 86.5
172.0 138.5
149.0 85.5
173.0 139.5
148.0 84.5
173.0 140.5
148.0 83.5
173.0 141.5
147.0 82.5
173.0 142.5
147.0 81.5
173.0 143.5
147.0 80.5
173.0 144.5
148.0 79.5
173.0 145.5
148.0 78.5
174.0 146.5
148.0 77.5
174.0 147.5
148.0 76.5
174.0 148.5
148.0 75.5
174.0 149.5
148.0 74.5
174.0 150.5
149.0 73.5
174.0 151.5
149.0 72.5
174.0 152.5
149.0 71.5
174.0 153.5
149.0 70.5
174.0 154.5
149.0 69.5
174.0 155.5
150.0 68.5
174.0 156.5
150.0 67.5
174.0 157.5
150.0 66.5
174.0 158.5
150.0 65.5
174.0 159.5
150.0 64.5
174.0 160.5
150.0 63.5
174.0 161.5
