312.0 262.06
310.0 266.41
309.0 270.76
307.0 274.83
306.0 279.11
305.0 283.43
304.0 287.85
303.0 292.41
303.0 357.56
322.79 409.0
317.38 423.0
306.61 427.0
294.57 427.0
281.22 420.0
272.0 427.87
268.75 489.0
254.51 496.0
239.5 501.0
223.93 505.0
207.85 508.0
191.52 509.0
175.18 508.0
158.76 506.0
143.09 501.0
128.21 494.0
115.0 483.96
104.64 470.0
98.0 452.26
98.0 428.54
109.0 396.47
110.12 379.0
109.0 365.46
107.0 353.77
106.0 342.22
105.0 331.44
104.0 321.26
104.0 292.29
105.0 283.16
105.0 274.49
107.0 265.84
109.0 257.5
112.0 249.48
116.0 241.9
119.0 234.51
123.0 227.59
126.0 220.62
130.0 214.15
134.0 207.86
137.0 201.15
142.0 195.62
146.0 189.57
151.0 184.29
155.91 179.0
161.09 174.0
167.11 170.0
173.75 167.0
180.8 165.0
187.55 163.0
194.0 160.81
199.71 157.0
205.87 154.0
211.64 149.0
217.66 143.0
224.15 136.0
231.23 126.0
239.5 84.0
251.8 62.0
265.71 50.0
282.13 34.0
304.07 6.0
313.0 31.29
320.47 53.0
333.85 57.0
343.68 68.0
353.41 78.0
365.0 84.764
334.0 143.27
336.0 154.74
337.0 165.94
338.0 176.01
339.0 185.21
339.0 202.8
338.0 211.15
336.0 219.29
334.0 226.8
330.0 234.26
327.0 240.81
321.0 247.2
318.0 252.56
315.0 257.5
