41.5 23.5
66.5 25.5
64.5 28.5
64.5 32.5
71.5 41.5
66.5 25.5
65.5 26.5
65.5 27.5
65.5 27.5
64.5 28.5
64.5 31.5
65.5 33.5
66.5 34.5
66.5 35.5
69.5 38.5
69.5 39.5
70.5 40.5
71.5 41.5
74.5 44.5
65.5 26.5
65.5 27.5
64.5 28.5
64.5 31.5
64.5 32.5
65.5 33.5
66.5 34.5
66.5 35.5
69.5 38.5
69.5 39.5
70.5 40.5
71.5 41.5
72.5 42.5
73.5 43.5
74.5 44.5
65.5 27.5
64.5 28.5
64.5 31.5
65.5 33.5
66.5 34.5
66.5 35.5
67.5 36.5
69.5 38.5
70.5 40.5
71.5 41.5
72.5 42.5
73.5 43.5
74.5 44.5
64.5 29.5
64.5 30.5
64.5 31.5
64.5 32.5
65.5 33.5
66.5 34.5
67.5 36.5
68.5 37.5
69.5 38.5
70.5 40.5
71.5 41.5
72.5 42.5
74.5 44.5
77.5 52.5
64.5 30.5
64.5 31.5
65.5 33.5
66.5 34.5
66.5 35.5
68.5 37.5
69.5 38.5
69.5 39.5
71.5 41.5
73.5 43.5
74.5 44.5
74.5 45.5
75.5 46.5
76.5 48.5
76.5 49.5
77.5 50.5
77.5 51.5
78.5 54.5
64.5 32.5
65.5 33.5
66.5 34.5
67.5 36.5
69.5 38.5
69.5 39.5
71.5 41.5
73.5 43.5
74.5 44.5
75.5 46.5
75.5 47.5
76.5 48.5
77.5 50.5
77.5 51.5
77.5 52.5
78.5 53.5
78.5 54.5
76.5 54.5
51.5 45.5
66.5 34.5
67.5 36.5
69.5 38.5
69.5 39.5
71.5 41.5
73.5 43.5
74.5 44.5
75.5 46.5
75.5 47.5
76.5 49.5
77.5 50.5
77.5 51.5
78.5 53.5
78.5 54.5
73.5 53.5
53.5 45.5
51.5 45.5
68.5 37.5
69.5 38.5
71.5 41.5
73.5 43.5
74.5 45.5
75.5 46.5
76.5 48.5
77.5 50.5
77.5 51.5
77.5 52.5
78.5 54.5
78.5 54.5
76.5 54.5
53.5 45.5
51.5 45.5
50.5 46.5
49.5 47.5
49.5 48.5
71.5 41.5
74.5 44.5
74.5 45.5
75.5 47.5
76.5 48.5
77.5 50.5
77.5 51.5
78.5 53.5
78.5 54.5
77.5 54.5
73.5 53.5
53.5 45.5
51.5 45.5
50.5 46.5
49.5 47.5
49.5 48.5
49.5 49.5
75.5 46.5
76.5 48.5
77.5 50.5
77.5 51.5
78.5 53.5
78.5 54.5
77.5 54.5
76.5 54.5
73.5 53.5
54.5 45.5
53.5 45.5
51.5 45.5
50.5 46.5
49.5 47.5
49.5 48.5
49.5 49.5
77.5 50.5
77.5 52.5
78.5 54.5
78.5 54.5
76.5 54.5
54.5 45.5
53.5 45.5
51.5 45.5
50.5 46.5
49.5 47.5
49.5 48.5
49.5 49.5
50.5 51.5
50.5 53.5
78.5 54.5
77.5 54.5
76.5 54.5
73.5 53.5
71.5 52.5
68.5 51.5
64.5 49.5
62.5 48.5
55.5 44.5
54.5 45.5
53.5 45.5
51.5 45.5
50.5 46.5
50.5 46.5
49.5 48.5
49.5 49.5
50.5 53.5
50.5 53.5
74.5 53.5
73.5 53.5
68.5 51.5
66.5 50.5
62.5 48.5
55.5 44.5
54.5 45.5
53.5 45.5
51.5 45.5
50.5 46.5
50.5 46.5
49.5 48.5
49.5 49.5
50.5 52.5
50.5 53.5
49.5 54.5
68.5 51.5
66.5 50.5
64.5 49.5
62.5 48.5
57.5 45.5
54.5 45.5
54.5 45.5
53.5 45.5
51.5 45.5
50.5 46.5
50.5 46.5
49.5 48.5
50.5 51.5
50.5 52.5
50.5 53.5
49.5 54.5
49.5 55.5
48.5 56.5
66.5 50.5
64.5 49.5
62.5 48.5
61.5 48.5
57.5 45.5
56.5 44.5
54.5 45.5
54.5 45.5
53.5 45.5
51.5 45.5
50.5 46.5
50.5 46.5
49.5 48.5
50.5 51.5
50.5 53.5
50.5 53.5
49.5 55.5
49.5 55.5
48.5 56.5
63.5 48.5
61.5 48.5
57.5 45.5
55.5 44.5
54.5 45.5
54.5 45.5
52.5 45.5
51.5 45.5
50.5 46.5
50.5 46.5
49.5 48.5
50.5 52.5
50.5 53.5
49.5 54.5
49.5 55.5
48.5 56.5
48.5 56.5
46.5 56.5
61.5 48.5
59.5 46.5
57.5 45.5
55.5 44.5
54.5 45.5
54.5 45.5
52.5 45.5
51.5 45.5
50.5 46.5
50.5 46.5
49.5 48.5
50.5 52.5
50.5 53.5
49.5 55.5
49.5 55.5
48.5 56.5
47.5 56.5
46.5 56.5
45.5 57.5
44.5 57.5
58.5 45.5
57.5 45.5
55.5 44.5
54.5 45.5
54.5 45.5
52.5 45.5
51.5 45.5
50.5 46.5
50.5 46.5
50.5 51.5
50.5 53.5
50.5 53.5
49.5 55.5
48.5 56.5
48.5 56.5
47.5 56.5
45.5 57.5
45.5 57.5
44.5 57.5
57.5 45.5
55.5 44.5
54.5 45.5
53.5 45.5
52.5 45.5
51.5 45.5
50.5 46.5
50.5 46.5
50.5 52.5
50.5 53.5
49.5 54.5
49.5 55.5
48.5 56.5
47.5 56.5
46.5 56.5
45.5 57.5
44.5 57.5
42.5 58.5
55.5 44.5
54.5 45.5
53.5 45.5
52.5 45.5
51.5 45.5
50.5 46.5
50.5 46.5
50.5 53.5
50.5 53.5
49.5 55.5
48.5 56.5
48.5 56.5
47.5 56.5
45.5 57.5
45.5 57.5
44.5 57.5
42.5 58.5
40.5 59.5
54.5 45.5
54.5 45.5
52.5 45.5
51.5 45.5
50.5 46.5
50.5 46.5
50.5 53.5
49.5 54.5
49.5 55.5
48.5 56.5
47.5 56.5
46.5 56.5
45.5 57.5
44.5 57.5
43.5 58.5
42.5 58.5
41.5 59.5
41.5 59.5
40.5 59.5
38.5 59.5
54.5 45.5
53.5 45.5
52.5 45.5
51.5 45.5
50.5 51.5
50.5 53.5
49.5 55.5
48.5 56.5
48.5 56.5
47.5 56.5
45.5 57.5
45.5 57.5
44.5 57.5
43.5 58.5
42.5 58.5
41.5 59.5
40.5 59.5
39.5 58.5
38.5 59.5
53.5 45.5
52.5 45.5
51.5 45.5
50.5 52.5
50.5 53.5
49.5 55.5
48.5 56.5
47.5 56.5
46.5 56.5
45.5 57.5
44.5 57.5
43.5 58.5
42.5 58.5
41.5 59.5
40.5 59.5
39.5 58.5
38.5 59.5
37.5 60.5
35.5 60.5
52.5 45.5
51.5 45.5
50.5 53.5
49.5 55.5
48.5 56.5
47.5 56.5
46.5 56.5
45.5 57.5
45.5 57.5
44.5 57.5
43.5 58.5
42.5 58.5
41.5 59.5
40.5 59.5
39.5 58.5
38.5 59.5
37.5 60.5
36.5 60.5
35.5 60.5
51.5 45.5
50.5 53.5
49.5 55.5
48.5 56.5
47.5 56.5
46.5 56.5
45.5 57.5
44.5 57.5
43.5 58.5
42.5 58.5
41.5 59.5
40.5 59.5
39.5 58.5
38.5 59.5
37.5 60.5
36.5 60.5
35.5 60.5
32.5 58.5
50.5 53.5
49.5 55.5
48.5 56.5
47.5 56.5
45.5 57.5
44.5 57.5
43.5 58.5
42.5 58.5
41.5 59.5
40.5 59.5
39.5 58.5
38.5 59.5
37.5 60.5
36.5 60.5
35.5 60.5
34.5 59.5
33.5 58.5
32.5 58.5
31.5 57.5
48.5 56.5
47.5 56.5
46.5 56.5
45.5 57.5
44.5 57.5
43.5 58.5
42.5 58.5
41.5 59.5
40.5 59.5
39.5 58.5
38.5 59.5
37.5 60.5
36.5 60.5
35.5 60.5
34.5 59.5
33.5 58.5
32.5 58.5
31.5 57.5
30.5 58.5
47.5 56.5
45.5 57.5
44.5 57.5
43.5 58.5
42.5 58.5
41.5 59.5
40.5 59.5
39.5 58.5
38.5 59.5
37.5 60.5
36.5 60.5
35.5 60.5
34.5 59.5
33.5 58.5
32.5 58.5
31.5 57.5
30.5 58.5
45.5 57.5
44.5 57.5
43.5 58.5
41.5 59.5
40.5 59.5
40.5 59.5
38.5 59.5
37.5 60.5
36.5 60.5
35.5 60.5
34.5 59.5
33.5 58.5
32.5 58.5
32.5 58.5
30.5 58.5
43.5 58.5
42.5 58.5
41.5 59.5
40.5 59.5
39.5 58.5
37.5 60.5
36.5 60.5
35.5 60.5
34.5 59.5
34.5 59.5
33.5 58.5
32.5 58.5
31.5 57.5
30.5 58.5
29.5 58.5
41.5 59.5
40.5 59.5
40.5 59.5
38.5 59.5
37.5 60.5
35.5 60.5
35.5 60.5
34.5 59.5
33.5 58.5
32.5 58.5
31.5 57.5
30.5 58.5
29.5 58.5
28.5 58.5
23.5 58.5
40.5 59.5
38.5 59.5
37.5 60.5
36.5 60.5
35.5 60.5
34.5 59.5
33.5 58.5
32.5 58.5
32.5 58.5
30.5 58.5
29.5 58.5
28.5 58.5
27.5 58.5
26.5 58.5
25.5 58.5
23.5 58.5
21.5 58.5
20.5 57.5
37.5 60.5
36.5 60.5
35.5 60.5
34.5 59.5
34.5 59.5
33.5 58.5
32.5 58.5
30.5 58.5
29.5 58.5
28.5 58.5
27.5 58.5
26.5 58.5
25.5 58.5
24.5 58.5
22.5 58.5
21.5 58.5
21.5 58.5
20.5 57.5
17.5 57.5
35.5 60.5
35.5 60.5
34.5 59.5
33.5 58.5
32.5 58.5
31.5 57.5
30.5 58.5
28.5 58.5
27.5 58.5
26.5 58.5
25.5 58.5
24.5 58.5
22.5 58.5
21.5 58.5
21.5 58.5
20.5 57.5
17.5 57.5
17.5 57.5
16.5 56.5
34.5 59.5
34.5 59.5
32.5 58.5
32.5 58.5
30.5 58.5
29.5 58.5
27.5 58.5
26.5 58.5
25.5 58.5
24.5 58.5
22.5 58.5
21.5 58.5
21.5 58.5
18.5 57.5
17.5 57.5
17.5 57.5
16.5 56.5
14.5 55.5
33.5 58.5
32.5 58.5
30.5 58.5
29.5 58.5
28.5 58.5
26.5 58.5
25.5 58.5
24.5 58.5
23.5 58.5
21.5 58.5
21.5 58.5
19.5 57.5
18.5 57.5
17.5 57.5
16.5 56.5
16.5 56.5
15.5 55.5
14.5 55.5
13.5 53.5
32.5 58.5
29.5 58.5
28.5 58.5
27.5 58.5
25.5 58.5
24.5 58.5
23.5 58.5
21.5 58.5
21.5 58.5
19.5 57.5
18.5 57.5
17.5 57.5
16.5 56.5
16.5 56.5
14.5 55.5
14.5 55.5
13.5 54.5
13.5 53.5
11.5 51.5
28.5 58.5
27.5 58.5
26.5 58.5
24.5 58.5
23.5 58.5
21.5 58.5
21.5 58.5
19.5 57.5
18.5 57.5
17.5 57.5
16.5 56.5
16.5 56.5
14.5 55.5
14.5 55.5
13.5 54.5
13.5 53.5
12.5 52.5
11.5 51.5
11.5 51.5
26.5 58.5
24.5 58.5
23.5 58.5
21.5 58.5
21.5 58.5
19.5 57.5
18.5 57.5
17.5 57.5
16.5 56.5
15.5 55.5
14.5 55.5
13.5 54.5
13.5 54.5
13.5 53.5
12.5 52.5
11.5 51.5
9.5 47.5
23.5 58.5
21.5 58.5
21.5 58.5
19.5 57.5
17.5 57.5
17.5 57.5
16.5 56.5
15.5 55.5
14.5 55.5
13.5 54.5
13.5 54.5
12.5 52.5
12.5 52.5
11.5 51.5
11.5 50.5
9.5 47.5
9.5 47.5
9.5 45.5
21.5 58.5
19.5 57.5
17.5 57.5
17.5 57.5
16.5 56.5
15.5 55.5
14.5 55.5
13.5 54.5
13.5 53.5
12.5 52.5
12.5 52.5
11.5 51.5
11.5 50.5
10.5 49.5
10.5 48.5
9.5 47.5
9.5 47.5
9.5 45.5
17.5 57.5
17.5 57.5
16.5 56.5
15.5 55.5
14.5 55.5
13.5 54.5
13.5 53.5
12.5 52.5
12.5 52.5
11.5 51.5
11.5 50.5
10.5 49.5
10.5 48.5
9.5 47.5
9.5 45.5
9.5 44.5
8.5 43.5
8.5 41.5
16.5 56.5
14.5 55.5
14.5 55.5
13.5 54.5
13.5 53.5
12.5 52.5
11.5 51.5
11.5 51.5
11.5 50.5
10.5 49.5
10.5 48.5
9.5 47.5
9.5 46.5
9.5 45.5
9.5 44.5
8.5 43.5
8.5 42.5
8.5 41.5
8.5 39.5
14.5 55.5
13.5 54.5
13.5 53.5
12.5 52.5
11.5 51.5
11.5 50.5
10.5 49.5
10.5 49.5
10.5 48.5
9.5 47.5
9.5 46.5
9.5 45.5
9.5 44.5
8.5 43.5
8.5 42.5
8.5 41.5
8.5 40.5
8.5 39.5
13.5 53.5
12.5 52.5
11.5 51.5
11.5 50.5
10.5 49.5
10.5 48.5
9.5 47.5
9.5 47.5
9.5 46.5
9.5 45.5
9.5 44.5
8.5 43.5
8.5 42.5
8.5 41.5
8.5 40.5
8.5 39.5
8.5 38.5
9.5 36.5
11.5 51.5
11.5 50.5
10.5 49.5
10.5 48.5
9.5 47.5
9.5 47.5
9.5 45.5
9.5 44.5
8.5 43.5
8.5 43.5
8.5 42.5
8.5 41.5
8.5 40.5
8.5 39.5
9.5 36.5
9.5 35.5
9.5 34.5
8.5 33.5
10.5 49.5
10.5 48.5
9.5 47.5
9.5 46.5
9.5 45.5
9.5 44.5
8.5 43.5
8.5 42.5
8.5 41.5
8.5 40.5
8.5 39.5
8.5 38.5
9.5 37.5
9.5 36.5
9.5 35.5
9.5 34.5
8.5 33.5
8.5 32.5
4.5 31.5
9.5 47.5
9.5 46.5
9.5 45.5
9.5 44.5
8.5 43.5
8.5 42.5
8.5 41.5
8.5 40.5
8.5 39.5
8.5 38.5
9.5 37.5
9.5 36.5
9.5 35.5
9.5 34.5
8.5 33.5
8.5 32.5
4.5 31.5
6.5 28.5
9.5 45.5
9.5 44.5
8.5 43.5
8.5 42.5
8.5 41.5
8.5 40.5
8.5 39.5
8.5 38.5
9.5 37.5
9.5 36.5
9.5 35.5
9.5 34.5
8.5 33.5
8.5 32.5
4.5 31.5
4.5 30.5
7.5 29.5
6.5 28.5
8.5 43.5
8.5 42.5
8.5 41.5
8.5 40.5
8.5 39.5
8.5 38.5
9.5 37.5
9.5 36.5
9.5 35.5
9.5 34.5
8.5 33.5
8.5 32.5
4.5 31.5
4.5 30.5
7.5 29.5
6.5 28.5
8.5 41.5
8.5 40.5
8.5 39.5
8.5 38.5
9.5 37.5
9.5 36.5
9.5 35.5
9.5 34.5
8.5 33.5
8.5 32.5
4.5 31.5
4.5 30.5
7.5 29.5
6.5 28.5
8.5 39.5
8.5 38.5
9.5 37.5
9.5 36.5
9.5 35.5
9.5 34.5
8.5 33.5
4.5 31.5
4.5 30.5
7.5 29.5
6.5 28.5
6.5 21.5
5.5 20.5
9.5 37.5
9.5 36.5
9.5 35.5
9.5 34.5
8.5 33.5
4.5 31.5
4.5 30.5
7.5 29.5
6.5 28.5
6.5 27.5
6.5 26.5
6.5 25.5
6.5 24.5
6.5 23.5
6.5 22.5
6.5 21.5
5.5 20.5
4.5 19.5
4.5 17.5
9.5 35.5
9.5 34.5
8.5 33.5
4.5 31.5
4.5 30.5
7.5 29.5
6.5 28.5
6.5 27.5
6.5 26.5
6.5 25.5
6.5 24.5
6.5 23.5
6.5 22.5
6.5 21.5
4.5 19.5
3.5 18.5
4.5 17.5
5.5 15.5
4.5 31.5
4.5 30.5
4.5 30.5
7.5 29.5
6.5 28.5
6.5 27.5
6.5 26.5
6.5 25.5
6.5 24.5
6.5 23.5
6.5 21.5
5.5 20.5
3.5 18.5
3.5 18.5
4.5 17.5
4.5 16.5
5.5 15.5
7.5 12.5
7.5 30.5
7.5 29.5
6.5 28.5
6.5 26.5
6.5 25.5
6.5 24.5
6.5 23.5
6.5 22.5
6.5 21.5
4.5 19.5
3.5 18.5
4.5 17.5
4.5 16.5
5.5 15.5
5.5 14.5
5.5 14.5
6.5 13.5
7.5 12.5
11.5 12.5
6.5 27.5
6.5 26.5
6.5 25.5
6.5 24.5
6.5 23.5
6.5 22.5
5.5 20.5
3.5 18.5
3.5 18.5
4.5 16.5
4.5 16.5
5.5 15.5
5.5 14.5
6.5 13.5
7.5 12.5
7.5 12.5
12.5 12.5
14.5 11.5
6.5 25.5
6.5 24.5
6.5 23.5
6.5 21.5
4.5 19.5
3.5 18.5
4.5 17.5
4.5 16.5
5.5 15.5
5.5 14.5
6.5 13.5
6.5 13.5
7.5 12.5
8.5 12.5
11.5 12.5
12.5 12.5
14.5 11.5
6.5 22.5
5.5 20.5
3.5 18.5
4.5 17.5
4.5 16.5
4.5 16.5
5.5 15.5
5.5 14.5
6.5 13.5
7.5 12.5
7.5 12.5
9.5 12.5
11.5 12.5
13.5 12.5
14.5 11.5
15.5 10.5
15.5 9.5
15.5 9.5
3.5 18.5
4.5 17.5
4.5 16.5
5.5 15.5
5.5 14.5
6.5 13.5
6.5 13.5
7.5 12.5
8.5 12.5
11.5 12.5
11.5 12.5
13.5 12.5
14.5 11.5
15.5 10.5
15.5 9.5
4.5 16.5
5.5 14.5
5.5 14.5
6.5 13.5
7.5 12.5
7.5 12.5
9.5 12.5
11.5 12.5
12.5 12.5
13.5 12.5
14.5 11.5
15.5 10.5
15.5 9.5
18.5 7.5
21.5 8.5
32.5 16.5
33.5 15.5
6.5 13.5
6.5 13.5
7.5 12.5
8.5 12.5
9.5 12.5
11.5 12.5
12.5 12.5
14.5 11.5
14.5 11.5
15.5 9.5
15.5 9.5
18.5 7.5
21.5 8.5
33.5 15.5
33.5 15.5
7.5 12.5
8.5 12.5
11.5 12.5
11.5 12.5
13.5 12.5
14.5 11.5
14.5 11.5
15.5 9.5
15.5 9.5
16.5 8.5
17.5 8.5
18.5 7.5
19.5 7.5
21.5 8.5
30.5 15.5
33.5 15.5
33.5 15.5
11.5 12.5
12.5 12.5
13.5 12.5
14.5 11.5
15.5 10.5
15.5 9.5
16.5 8.5
16.5 8.5
17.5 8.5
18.5 7.5
19.5 7.5
21.5 8.5
23.5 9.5
30.5 15.5
32.5 16.5
33.5 15.5
33.5 15.5
35.5 15.5
13.5 12.5
14.5 11.5
15.5 10.5
15.5 9.5
16.5 8.5
16.5 8.5
18.5 7.5
18.5 7.5
19.5 7.5
21.5 8.5
22.5 8.5
29.5 15.5
30.5 15.5
32.5 16.5
33.5 15.5
34.5 15.5
35.5 15.5
36.5 15.5
15.5 10.5
15.5 9.5
16.5 8.5
17.5 8.5
18.5 7.5
18.5 7.5
19.5 7.5
21.5 8.5
22.5 8.5
29.5 15.5
30.5 15.5
32.5 16.5
33.5 15.5
34.5 15.5
35.5 15.5
36.5 15.5
38.5 15.5
16.5 8.5
17.5 8.5
18.5 7.5
18.5 7.5
21.5 8.5
21.5 8.5
22.5 8.5
27.5 15.5
29.5 15.5
30.5 15.5
31.5 16.5
33.5 15.5
33.5 15.5
34.5 15.5
35.5 15.5
37.5 15.5
38.5 15.5
18.5 7.5
19.5 7.5
21.5 8.5
21.5 8.5
22.5 8.5
27.5 15.5
28.5 15.5
29.5 15.5
30.5 15.5
32.5 16.5
33.5 15.5
33.5 15.5
35.5 15.5
36.5 15.5
37.5 15.5
38.5 15.5
39.5 15.5
41.5 16.5
42.5 17.5
49.5 30.5
21.5 8.5
21.5 8.5
22.5 8.5
27.5 15.5
28.5 15.5
29.5 15.5
30.5 15.5
32.5 16.5
33.5 15.5
34.5 15.5
35.5 15.5
36.5 15.5
37.5 15.5
38.5 15.5
39.5 15.5
41.5 16.5
42.5 17.5
49.5 30.5
22.5 8.5
26.5 15.5
27.5 15.5
28.5 15.5
29.5 15.5
30.5 15.5
31.5 16.5
32.5 16.5
33.5 15.5
34.5 15.5
35.5 15.5
36.5 15.5
37.5 15.5
38.5 15.5
39.5 15.5
41.5 16.5
42.5 17.5
47.5 30.5
48.5 30.5
49.5 30.5
26.5 15.5
27.5 15.5
28.5 15.5
29.5 15.5
30.5 15.5
31.5 16.5
32.5 16.5
33.5 15.5
34.5 15.5
35.5 15.5
36.5 15.5
37.5 15.5
38.5 15.5
39.5 15.5
41.5 16.5
42.5 17.5
47.5 30.5
48.5 30.5
49.5 30.5
27.5 15.5
28.5 15.5
29.5 15.5
30.5 15.5
32.5 16.5
33.5 15.5
33.5 15.5
34.5 15.5
35.5 15.5
36.5 15.5
37.5 15.5
38.5 15.5
40.5 16.5
41.5 16.5
42.5 17.5
45.5 30.5
46.5 30.5
47.5 30.5
48.5 30.5
49.5 30.5
29.5 15.5
30.5 15.5
31.5 16.5
32.5 16.5
33.5 15.5
34.5 15.5
35.5 15.5
36.5 15.5
37.5 15.5
38.5 15.5
39.5 15.5
40.5 16.5
41.5 16.5
42.5 17.5
45.5 30.5
46.5 30.5
47.5 30.5
48.5 30.5
49.5 30.5
50.5 30.5
30.5 15.5
31.5 16.5
32.5 16.5
33.5 15.5
34.5 15.5
35.5 15.5
36.5 15.5
37.5 15.5
38.5 15.5
39.5 15.5
40.5 16.5
41.5 16.5
42.5 17.5
43.5 25.5
45.5 30.5
46.5 30.5
47.5 30.5
48.5 30.5
49.5 30.5
50.5 30.5
31.5 16.5
32.5 16.5
33.5 15.5
34.5 15.5
35.5 15.5
36.5 15.5
37.5 15.5
38.5 15.5
39.5 15.5
40.5 16.5
41.5 16.5
42.5 17.5
43.5 25.5
44.5 30.5
45.5 30.5
46.5 30.5
47.5 30.5
48.5 30.5
49.5 30.5
50.5 30.5
32.5 16.5
33.5 15.5
34.5 15.5
35.5 15.5
36.5 15.5
37.5 15.5
38.5 15.5
39.5 15.5
40.5 16.5
41.5 16.5
42.5 17.5
43.5 25.5
43.5 25.5
44.5 30.5
45.5 30.5
46.5 30.5
47.5 30.5
48.5 30.5
49.5 30.5
50.5 30.5
33.5 15.5
34.5 15.5
35.5 15.5
36.5 15.5
37.5 15.5
38.5 15.5
39.5 15.5
40.5 16.5
41.5 16.5
42.5 17.5
42.5 24.5
43.5 25.5
43.5 29.5
44.5 30.5
45.5 30.5
46.5 30.5
47.5 30.5
48.5 30.5
50.5 30.5
34.5 15.5
35.5 15.5
36.5 15.5
37.5 15.5
38.5 15.5
39.5 15.5
40.5 16.5
41.5 16.5
42.5 17.5
42.5 24.5
43.5 25.5
43.5 25.5
44.5 30.5
45.5 30.5
46.5 30.5
47.5 30.5
48.5 30.5
49.5 30.5
50.5 30.5
51.5 30.5
35.5 15.5
36.5 15.5
37.5 15.5
39.5 15.5
39.5 15.5
40.5 16.5
41.5 16.5
42.5 17.5
41.5 23.5
42.5 24.5
43.5 25.5
43.5 27.5
44.5 30.5
45.5 30.5
46.5 30.5
47.5 30.5
48.5 30.5
49.5 30.5
50.5 30.5
51.5 30.5
36.5 15.5
38.5 15.5
39.5 15.5
39.5 15.5
40.5 16.5
41.5 16.5
42.5 17.5
41.5 23.5
42.5 24.5
43.5 25.5
43.5 25.5
43.5 29.5
44.5 30.5
45.5 30.5
46.5 30.5
47.5 30.5
48.5 30.5
49.5 30.5
51.5 30.5
52.5 30.5
38.5 15.5
39.5 15.5
39.5 15.5
40.5 16.5
41.5 16.5
42.5 17.5
41.5 23.5
42.5 24.5
42.5 24.5
43.5 25.5
43.5 27.5
43.5 29.5
45.5 30.5
46.5 30.5
47.5 30.5
48.5 30.5
49.5 30.5
50.5 30.5
51.5 30.5
52.5 30.5
39.5 15.5
39.5 15.5
40.5 16.5
41.5 16.5
42.5 17.5
41.5 23.5
42.5 24.5
43.5 25.5
43.5 25.5
44.5 30.5
45.5 30.5
46.5 30.5
47.5 30.5
48.5 30.5
49.5 30.5
50.5 30.5
51.5 30.5
39.5 15.5
40.5 16.5
41.5 16.5
42.5 17.5
40.5 23.5
41.5 23.5
42.5 24.5
42.5 24.5
43.5 25.5
44.5 30.5
45.5 30.5
46.5 30.5
47.5 30.5
49.5 30.5
50.5 30.5
51.5 30.5
53.5 29.5
54.5 29.5
40.5 16.5
41.5 16.5
42.5 17.5
39.5 22.5
41.5 23.5
41.5 23.5
42.5 24.5
43.5 25.5
43.5 25.5
43.5 27.5
43.5 29.5
44.5 30.5
46.5 30.5
47.5 30.5
48.5 30.5
49.5 30.5
50.5 30.5
52.5 30.5
53.5 29.5
55.5 29.5
41.5 16.5
42.5 17.5
42.5 17.5
40.5 23.5
41.5 23.5
42.5 24.5
42.5 24.5
43.5 25.5
43.5 26.5
43.5 28.5
44.5 30.5
45.5 30.5
46.5 30.5
47.5 30.5
48.5 30.5
50.5 30.5
51.5 30.5
53.5 29.5
54.5 29.5
42.5 17.5
42.5 17.5
39.5 22.5
41.5 23.5
41.5 23.5
42.5 24.5
43.5 25.5
43.5 25.5
43.5 27.5
43.5 28.5
44.5 30.5
45.5 30.5
46.5 30.5
48.5 30.5
49.5 30.5
50.5 30.5
53.5 29.5
54.5 29.5
56.5 28.5
57.5 28.5
42.5 17.5
39.5 22.5
40.5 23.5
41.5 23.5
42.5 24.5
42.5 24.5
43.5 25.5
43.5 26.5
43.5 27.5
43.5 29.5
44.5 30.5
46.5 30.5
47.5 30.5
48.5 30.5
50.5 30.5
51.5 30.5
53.5 29.5
56.5 28.5
57.5 28.5
39.5 22.5
39.5 22.5
40.5 23.5
41.5 23.5
42.5 24.5
43.5 25.5
43.5 25.5
43.5 27.5
43.5 28.5
43.5 29.5
45.5 30.5
46.5 30.5
48.5 30.5
49.5 30.5
51.5 30.5
53.5 29.5
56.5 28.5
57.5 28.5
60.5 27.5
39.5 22.5
40.5 23.5
41.5 23.5
42.5 24.5
42.5 24.5
43.5 25.5
43.5 26.5
43.5 27.5
43.5 28.5
44.5 30.5
45.5 30.5
47.5 30.5
48.5 30.5
50.5 30.5
53.5 29.5
54.5 29.5
57.5 28.5
60.5 27.5
64.5 25.5
39.5 22.5
40.5 23.5
41.5 23.5
42.5 24.5
42.5 24.5
43.5 25.5
43.5 26.5
43.5 27.5
43.5 29.5
44.5 30.5
46.5 30.5
48.5 30.5
49.5 30.5
51.5 30.5
54.5 29.5
57.5 28.5
62.5 26.5
65.5 25.5
66.5 25.5
65.5 26.5
39.5 22.5
41.5 23.5
41.5 23.5
42.5 24.5
43.5 25.5
43.5 25.5
43.5 27.5
43.5 28.5
43.5 29.5
45.5 30.5
47.5 30.5
48.5 30.5
50.5 30.5
54.5 29.5
59.5 27.5
64.5 25.5
66.5 25.5
66.5 25.5
65.5 27.5
64.5 29.5
39.5 22.5
41.5 23.5
42.5 24.5
42.5 24.5
43.5 25.5
43.5 26.5
43.5 27.5
43.5 28.5
43.5 29.5
45.5 30.5
47.5 30.5
49.5 30.5
53.5 29.5
59.5 27.5
65.5 25.5
66.5 25.5
65.5 26.5
64.5 28.5
64.5 29.5
64.5 30.5
40.5 23.5
41.5 23.5
42.5 24.5
43.5 25.5
43.5 25.5
43.5 26.5
43.5 27.5
43.5 29.5
44.5 30.5
46.5 30.5
48.5 30.5
53.5 29.5
64.5 25.5
66.5 25.5
66.5 25.5
65.5 27.5
64.5 29.5
64.5 30.5
64.5 31.5
64.5 32.5
40.5 23.5
41.5 23.5
42.5 24.5
43.5 25.5
43.5 26.5
43.5 27.5
43.5 28.5
43.5 29.5
44.5 30.5
47.5 30.5
50.5 30.5
65.5 25.5
66.5 25.5
65.5 27.5
64.5 28.5
64.5 29.5
64.5 30.5
64.5 31.5
64.5 32.5
65.5 33.5
41.5 23.5
41.5 23.5
42.5 24.5
43.5 25.5
43.5 26.5
43.5 27.5
43.5 28.5
43.5 29.5
45.5 30.5
64.5 25.5
66.5 25.5
65.5 26.5
65.5 27.5
64.5 29.5
64.5 30.5
64.5 31.5
64.5 32.5
65.5 33.5
65.5 33.5
66.5 34.5
41.5 23.5
42.5 24.5
42.5 24.5
43.5 25.5
43.5 26.5
43.5 27.5
43.5 28.5
43.5 29.5
66.5 25.5
66.5 25.5
65.5 27.5
64.5 28.5
64.5 29.5
64.5 30.5
64.5 31.5
64.5 32.5
65.5 33.5
66.5 34.5
66.5 35.5
67.5 36.5
41.5 23.5
42.5 24.5
43.5 25.5
43.5 25.5
43.5 26.5
43.5 27.5
64.5 25.5
66.5 25.5
65.5 26.5
65.5 27.5
64.5 29.5
64.5 30.5
64.5 31.5
64.5 32.5
65.5 33.5
65.5 33.5
66.5 34.5
66.5 35.5
67.5 36.5
68.5 37.5
41.5 23.5
42.5 24.5
43.5 25.5
43.5 26.5
43.5 27.5
66.5 25.5
65.5 26.5
65.5 27.5
64.5 28.5
64.5 29.5
64.5 30.5
64.5 31.5
64.5 32.5
65.5 33.5
66.5 34.5
66.5 35.5
67.5 36.5
68.5 37.5
69.5 38.5
69.5 38.5
41.5 23.5
42.5 24.5
43.5 25.5
65.5 25.5
66.5 25.5
65.5 26.5
65.5 27.5
64.5 29.5
64.5 30.5
64.5 31.5
64.5 32.5
65.5 33.5
65.5 33.5
66.5 34.5
66.5 35.5
67.5 36.5
68.5 37.5
69.5 38.5
69.5 39.5
70.5 40.5
