87.5 52.5
86.5 55.5
84.5 57.5
84.5 61.5
92.5 67.5
93.5 70.5
93.5 73.5
92.5 77.5
90.5 79.5
88.5 81.5
67.5 66.5
67.5 68.5
66.5 70.5
74.5 82.5
66.5 74.5
63.5 75.5
62.5 76.5
65.5 88.5
59.5 77.5
57.5 78.5
56.5 79.5
54.5 79.5
48.5 88.5
45.5 90.5
42.5 91.5
39.5 92.5
36.5 93.5
33.5 92.5
31.5 90.5
30.5 87.5
30.5 78.5
30.5 71.5
29.5 70.5
26.5 67.5
25.5 66.5
24.5 64.5
23.5 62.5
23.5 61.5
22.5 59.5
22.5 57.5
21.5 55.5
18.5 54.5
14.5 52.5
12.5 50.5
7.5 45.5
6.5 42.5
6.5 39.5
8.5 36.5
11.5 35.5
14.5 33.5
18.5 33.5
21.5 32.5
25.5 32.5
26.5 31.5
27.5 28.5
28.5 26.5
29.5 25.5
29.5 20.5
26.5 13.5
34.5 21.5
36.5 20.5
36.5 13.5
36.5 8.5
42.5 21.5
45.5 22.5
46.5 22.5
48.5 24.5
50.5 25.5
51.5 27.5
53.5 28.5
54.5 30.5
55.5 31.5
56.5 33.5
57.5 33.5
58.5 34.5
58.5 35.5
59.5 36.5
60.5 36.5
61.5 37.5
63.5 37.5
65.5 36.5
71.5 33.5
77.5 31.5
81.5 30.5
84.5 31.5
86.5 33.5
87.5 35.5
87.5 38.5
87.5 43.5
87.5 48.5
