42.0 23.5
43.0 24.5
67.0 25.5
66.0 26.5
66.0 27.5
65.0 28.5
65.0 30.5
65.0 32.5
66.0 33.5
67.0 34.5
67.0 35.5
68.0 36.5
69.0 37.5
70.0 38.5
70.0 39.5
71.0 40.5
72.0 41.5
73.0 42.5
67.0 25.08456147982223
66.0 26.02362351731282
66.0 27.025599791156072
65.56165767961691 28.0
65.0 28.966642397184714
65.0 30.97059494487121
65.0 31.97257312606309
66.0 33.03746554360763
67.0 34.1023541464549
67.0 35.10433232764678
68.0 36.16922474519132
69.0 37.2341133480386
70.0 38.29900576558313
70.0 39.30098394677501
71.0 40.36587636431955
72.0 41.43076496716683
73.0 42.495657864708896
74.0 43.56055028225343
75.0 44.62544269979797
66.0 26.5155604645617
66.0 27.523509191127214
65.0 28.40512562999374
65.0 30.421071847228532
65.0 32.436964039933166
66.0 33.57124098337434
67.0 34.70551792681552
67.0 35.71346544861164
68.0 36.84774239205282
70.0 38.1083477933294
70.0 39.11629531512553
72.0 41.384849202007885
73.0 42.51912518163941
74.0 43.653398310383324
75.0 44.78767906852176
75.0 45.79562277562063
76.0 46.929899719061794
66.0 27.99327375310509
65.0 28.820545380823823
65.0 30.856608607053296
65.0 31.874641399820568
66.0 33.08343299833131
67.0 34.29222695614713
67.0 35.31026120430659
68.0 36.51905516212241
69.0 37.727846760633156
70.0 38.93664071844897
71.0 40.14543467626479
72.0 41.354226274775534
73.0 42.563020232591356
74.0 43.77181564579936
75.0 44.98060960361518
76.0 46.18940120212592
76.0 47.207433994893194
77.0 48.416227952709015
77.0 49.434258386171216
65.0 29.209353309085802
65.0 31.274228700736707
65.0 32.30666350975814
66.0 33.59585667219892
67.0 34.88505560824774
68.0 36.17424877068852
69.0 37.4634419331293
70.0 38.752635095570085
71.0 40.041834031618905
72.0 41.331027194059686
73.0 42.62022035650047
75.0 44.16617764596864
75.0 45.19861245499007
76.0 46.48780561743085
76.0 47.52024042645228
77.0 48.80943936250111
78.0 50.09863252494189
78.0 52.16350595768201
65.0 30.620979242340052
65.0 31.672441169536004
66.0 33.048822676057625
67.0 34.42520666151891
67.0 35.47666477401759
69.0 37.17796833880454
70.0 38.55434984532616
70.0 39.60581425146177
72.0 41.3071115226118
74.0 43.008415087398745
75.0 44.38479659392037
75.0 45.436258521116315
76.0 46.8126425065776
77.0 48.189020198401955
77.0 49.24048460453757
78.0 50.61686611105918
78.0 51.668330517194796
79.0 53.04470820901915
79.0 54.096172615154764
78.54562743600397 55.0
65.0 32.04900507238769
66.0 33.52046400458271
68.0 36.46337423957822
70.0 38.330758532606964
70.0 39.406285268577165
72.0 41.27367258229974
74.0 43.14105608132505
75.0 44.61250817812898
76.0 46.083967110324
76.0 47.1594938462942
77.0 48.63094896379195
78.0 50.10240789598697
78.0 52.25345834723353
79.0 53.72491727942855
79.0 54.80044401539875
76.78755051104758 55.0
51.339698813482435 46.0
51.0 46.94103033454127
67.0 34.44762380097527
68.0 36.02336684588701
70.0 38.069666512517195
70.0 39.17484934562097
74.0 43.26745585906035
75.0 44.843195313882575
76.0 46.418938358794314
76.0 47.52412119189809
77.0 49.099860646720316
78.0 50.675603691632055
78.0 51.78078652473583
79.0 53.35652597955806
79.0 54.46170881266184
77.79528351199193 55.0
73.32151120785706 54.0
53.971845416692034 46.0
51.62319203425345 46.0
51.0 46.81193345746845
50.0 47.44655248867476
69.0 37.2066608620223
70.0 38.897575694164466
72.0 41.13823917546242
74.0 43.378906471457626
75.0 45.06982130359979
76.0 46.76072812673425
77.0 48.45164295887642
78.0 50.14254978201088
78.0 52.42485812096053
79.0 54.11576875879226
78.53266097891607 55.0
76.45691647935233 55.0
68.92421284006919 52.0
61.39151613966929 49.0
53.85880487099162 46.0
51.7830680008224 46.0
51.0 46.710661326731795
50.0 47.302058648236546
50.0 48.44333604469824
72.0 41.012130815895695
75.0 44.100358712141926
75.0 45.28473487010461
76.0 47.103726073383754
77.0 48.922721091360174
78.0 50.74171229463932
78.0 51.926088452602
79.0 53.745079655881156
79.0 54.92945097208618
77.2448940844155 55.0
73.80286565507541 54.0
68.78508827938606 52.0
62.191567968352665 49.0
55.0 45.62046665041776
53.73177580372295 46.0
51.865496320732085 46.0
51.0 46.6351158695536
50.0 47.184873167502545
50.0 49.55361785403338
76.0 46.205066847396495
77.0 48.16766796464607
78.0 50.13026908189564
78.0 51.36633304335494
79.0 53.32893416060452
79.0 54.56499812206382
77.89742447837813 55.0
76.19610818003493 55.0
73.11840741326945 54.0
68.66431454868722 52.0
64.210221684105 50.0
61.13252091733953 49.0
55.0 45.78055965635112
53.60072728599184 46.0
51.89940573712945 46.0
51.0 46.582608460606565
50.0 47.09213908097286
50.0 49.56426700389147
51.0 51.52686430644378
78.0 50.71703534632755
78.0 52.014872401623705
79.0 54.139977166892365
78.47078003414762 55.0
76.90195662040297 55.0
74.12435055564949 54.0
71.34673987970946 53.0
68.56912618556144 52.0
64.58272061803149 50.0
61.80510692388348 49.0
55.40111157317368 45.0
55.0 45.96612001906155
53.472125205221104 46.0
51.90331306928718 46.0
51.0 46.55055819667005
50.0 47.021124343318334
50.0 49.61678583076906
51.0 51.741882489433024
51.0 53.039713892089146
79.0 54.99676709179751
77.54262492224778 55.0
76.0818071620768 55.0
73.55610224670937 54.0
71.03039733134196 53.0
68.50469241597455 52.0
64.91410797480522 50.0
62.38840305943779 49.0
57.73292789589963 46.0
55.2072189183101 45.0
54.81129237555767 46.0
51.88965685521569 46.0
51.0 46.53635433571157
50.03290849007016 47.0
50.0 48.34089097752406
50.0 49.71270001406338
51.0 52.02356805856987
51.0 53.395369465714644
50.183041467206934 54.0
73.09704074596615 54.0
69.84711925632654 52.0
68.47531358374573 52.0
66.16445381733276 51.0
62.914453366992355 49.0
61.54264433045305 49.0
57.35364301122312 46.0
55.04277496671663 45.0
54.61003256753903 46.0
51.86642975324948 46.0
51.0 46.538171907277714
50.06188594692711 47.0
50.0 48.394912147979014
50.0 49.855733970372114
51.0 52.38143482351741
51.0 53.842248521466274
50.0 54.238183188662944
50.0 55.69899688661181
69.7828454077201 52.0
68.48501271222533 52.0
66.35994574168424 51.0
64.23484049920545 50.0
62.10972131572353 49.0
59.157333286166 47.0
57.03222173207864 46.0
55.0 45.11228566327887
54.436539992091795 46.0
51.840865881499475 46.0
51.0 46.55238954059428
50.07246692859135 47.0
50.0 48.481220710938025
51.0 51.25881857888503
51.0 52.827627196366336
50.672037181801564 54.0
50.0 54.75646758902803
49.73091338657763 56.0
49.0 56.685298759371776
66.57519484044295 51.0
64.61258111593506 50.0
62.649965305123494 49.0
61.413901131099976 49.0
57.998204934895945 46.0
56.03558358099351 45.0
55.0 45.27593730178745
54.28999161094545 46.0
51.817850090413 46.0
51.0 46.5756211314864
50.072265749759474 47.0
50.0 48.601845978916884
51.0 51.679518014290835
51.0 53.38082143272035
50.213796303540015 54.0
50.0 55.40704628015084
49.19464638195884 56.0
48.6851243443324 57.0
47.44905358406618 57.0
63.18039601724769 49.0
61.996019859285006 49.0
60.177032470703125 48.0
57.723418592712974 46.0
55.904423574736555 45.0
55.0 45.441134988046315
54.17029774821946 46.0
52.98592159025677 46.0
51.80154543229409 46.0
51.0 46.603233090592
50.067419605777005 47.0
50.0 48.76004311022447
51.0 52.202059517554176
50.95663078137963 54.0
50.0 54.35886953718666
49.857120000178995 56.0
49.0 56.51566753480874
48.12299035896464 57.0
46.93861801569922 57.0
46.0 57.387247122723196
61.432639494938535 49.0
59.19196521017509 47.0
57.501047742394924 46.0
55.810134468958395 45.0
55.0 45.60213367275789
54.077579132327976 46.0
51.795270413765145 46.0
51.0 46.62917097603513
50.06271507713472 47.0
50.0 48.961654895671
51.0 52.85617536578283
50.487671228764064 54.0
50.0 55.18867706432219
49.304876206141394 56.0
48.71347850502346 57.0
46.43117016607381 57.0
45.83977665926633 58.0
44.69861848528765 58.0
58.43383304590126 46.0
57.32864291364157 46.0
55.75289201528583 45.0
55.0 45.74864884882892
54.01308777565162 46.0
51.80271514052681 46.0
51.0 46.642762614499546
50.06291830574181 47.0
51.0 51.34000249781194
51.0 53.68862243946812
50.041338121488856 54.0
49.87728859490767 56.0
49.0 56.48430307865691
48.13749176012267 57.0
47.032305442560265 57.0
46.0 57.15487838898777
45.292501202926054 58.0
44.18731488536365 58.0
43.55269696329185 59.0
57.20441151832843 46.0
55.73295560682725 45.0
55.0 45.865225455987826
53.9778305164144 46.0
51.826777044474 46.0
51.0 46.62826941210045
50.07165195406115 47.0
51.0 52.06121483101319
50.69209333811637 54.0
50.0 54.96844130338543
49.33289662923108 56.0
48.65329827478843 57.0
46.50224098815076 57.0
45.822642633708114 58.0
44.74711589773791 58.0
44.0 58.829479947010796
42.99198699262781 59.0
42.0 59.210997107658926
55.75112614287041 45.0
55.0 45.92430775518264
53.97324778929099 46.0
51.8703252706567 46.0
51.0 46.55748913578813
50.0923198524084 47.0
51.0 53.029621480039765
50.26383057435653 54.0
49.862211620509186 56.0
49.0 56.58246039225827
48.084202387563636 57.0
47.03274427506494 57.0
46.0 57.0576146599399
45.254737521059056 58.0
44.20327692962071 58.0
43.47673210281077 59.0
42.42527017561482 59.0
41.698729163502136 60.0
40.64726475736653 60.0
55.0 45.86833791270675
54.00137053171974 46.0
52.96892994909026 46.0
51.936495140068835 46.0
51.0 46.373657439670154
50.12838191653454 47.0
50.89325558144855 54.0
50.0 54.54207072381536
49.341896896636335 56.0
48.56621848212348 57.0
46.50134886408062 57.0
45.72567044956776 58.0
44.69323182584906 58.0
43.9175534113362 59.0
42.88511860231477 59.0
42.0 59.57376191915685
41.07700537878048 60.0
40.044570569759045 60.0
39.0 59.95275718601545
54.06484742484972 46.0
52.02878419862025 46.0
51.01075376515805 46.0
51.0 51.28031492863283
50.50077604461966 54.0
49.864267941254546 56.0
49.0 56.806059511502724
48.01896206537635 57.0
47.00093308730634 57.0
46.0 57.08964697216422
45.15562575603597 58.0
44.13759677796595 58.0
43.310323694855036 59.0
42.29229090208776 59.0
41.465021633674105 60.0
40.44698738551464 60.0
39.23819342769882 59.0
38.410924159285166 60.0
37.58365253156643 61.0
53.15855868389746 46.0
51.142661712685914 46.0
51.0 52.849295352130525
50.137422200557914 54.0
49.382137838763285 56.0
48.5005249888006 57.0
46.48462801758905 57.0
45.6030113529291 58.0
44.59506238540384 58.0
43.71344572074389 59.0
42.705496753218625 59.0
41.82388008855868 60.0
40.815932084872394 60.0
39.68165462917908 59.0
38.800037964519134 60.0
37.91842129985918 61.0
35.90252336480866 61.0
52.306280098038116 46.0
51.304301916846235 46.0
50.80564144117287 54.0
49.9294917326863 56.0
48.990427307849544 57.0
46.98647476016305 57.0
46.0 57.246421508510934
45.0454321541344 58.0
44.04345778763979 58.0
43.10439384280056 59.0
42.10241566160868 59.0
41.16335553146672 60.0
40.16137687027731 60.0
39.096484452732774 59.0
38.15742432259081 60.0
37.21836037775159 61.0
35.214403535370295 61.0
34.14951493252302 60.0
51.50006449484901 46.0
50.50006457484901 54.0
49.500064594848936 56.0
48.50006460484894 57.0
46.50006460484894 57.0
45.50006461484894 58.0
44.50006461484894 58.0
43.50006462484886 59.0
42.50006462484886 59.0
41.50006463484886 60.0
40.50006463484886 60.0
39.50006462484886 59.0
38.50006463484878 60.0
37.500064644848784 61.0
35.500064644848784 61.0
34.50006463484878 60.0
33.50006462484878 59.0
32.50006462484871 59.0
50.2300735917995 54.0
49.10226693790231 56.0
48.03737833505504 57.0
47.03540015386316 57.0
45.970507736318616 58.0
44.968533369824 58.0
43.903641432277 59.0
42.90166325108511 59.0
41.83677083354058 60.0
40.83479646704596 60.0
39.895732522206735 59.0
38.830840104662194 60.0
37.765951501814925 61.0
35.76199513943116 61.0
34.82293167458946 60.0
33.88387154444751 59.0
32.88189336325562 59.0
31.94282941841639 58.0
30.87793890822049 59.0
48.61078501742879 57.0
47.602836531823016 57.0
46.59488901002689 57.0
45.46061206658571 58.0
44.452664544789585 58.0
43.318387601348405 59.0
42.31044007955228 59.0
41.1761631361111 60.0
40.168215614314974 60.0
39.28659558654461 59.0
38.15231960691307 60.0
37.01804362728154 61.0
36.01009514167577 61.0
35.00214761987964 61.0
34.12052759210927 60.0
33.23890852814854 59.0
32.23096004254277 59.0
31.34934097858204 58.0
30.215064035140866 59.0
29.207116513344744 59.0
47.19755607649423 57.0
45.98876066328623 58.0
44.97072787051896 58.0
43.761933912703135 59.0
42.74390493463312 59.0
41.535109521425106 60.0
40.51707672865785 60.0
39.68980510093911 59.0
38.48101495782056 60.0
37.27221954461255 61.0
35.23611616707219 61.0
34.40884341341778 60.0
33.58157020779211 59.0
32.56353968621411 59.0
31.73626648058845 58.0
30.527473372983472 59.0
28.49141232982747 59.0
27.473379900900834 59.0
45.53385296234804 58.0
44.501419132766976 58.0
41.923042643634936 60.0
40.890604999356604 60.0
40.0 59.44760136212847
38.825731566616476 60.0
37.536543322050456 61.0
36.50410758512075 61.0
35.47167375553968 61.0
34.695992433594945 60.0
33.92031111165019 59.0
32.88787728206913 59.0
32.0 58.43697772492425
30.82300580820973 59.0
28.758134282818233 59.0
26.693262808958828 59.0
43.72924759204418 59.0
42.67778566484822 59.0
41.301405494084214 60.0
40.24994356688826 60.0
39.523401219017984 59.0
37.82205815332345 61.0
35.719135538386084 61.0
34.9925937120886 60.0
34.0 59.8188153579634
33.21458619204944 59.0
32.163124884580746 59.0
31.436578672010274 58.0
30.06020169806765 59.0
27.95727908313028 59.0
25.85435398926855 59.0
23.751430802755454 59.0
41.76318435285184 60.0
40.687658333193816 60.0
40.0 59.020350826486904
38.536605974598615 60.0
37.065157583561415 61.0
35.9896304505895 61.0
35.0 60.78304770129678
34.234503484036 60.0
33.554900629791874 59.0
32.479376517482486 59.0
31.79977366323838 58.0
30.32832225153865 59.0
28.177271006257342 59.0
26.026219760976034 59.0
24.95069262800412 59.0
22.79964138272281 59.0
21.72413142653905 59.0
40.08188420255204 60.0
38.976704959537756 60.0
37.40096191462603 61.0
35.19059793115935 61.0
34.555978899953026 60.0
33.921354371308574 59.0
32.816175128294304 59.0
32.0 58.385822053039576
30.605811144827623 59.0
28.39544547862007 59.0
26.18508149515338 59.0
23.974717511686702 59.0
21.764354481894337 59.0
21.0 58.27570222419623
20.02455166390992 58.0
37.79337019279316 61.0
35.511064330595296 61.0
34.919667788426764 60.0
34.0 59.5971122666818
33.18711412086547 59.0
32.04596118976654 59.0
29.763653040623474 59.0
27.481349085774248 59.0
26.340196154675315 59.0
24.05787250652079 59.0
21.775584050683026 59.0
21.0 58.33503593819653
20.043030383121728 58.0
17.7607264282725 58.0
35.89176272385965 61.0
35.0 60.53891796109385
34.15763617890698 60.0
33.607877832388525 59.0
32.42350479221388 59.0
31.873748353044064 58.0
30.054761646256413 59.0
28.870386698733146 59.0
27.686013658558508 59.0
25.317270512601034 59.0
24.13288014957203 59.0
21.76413821404535 59.0
21.0 58.337835442077946
20.030011750019018 58.0
17.661264972760534 58.0
17.0 57.17573042861363
16.0 56.88518796887578
34.60731360623631 60.0
34.0 59.134590354311996
32.861720931759336 59.0
32.0 58.48475458678858
30.38959110149209 59.0
29.153525232684157 59.0
26.681378560217315 59.0
24.209266525824 59.0
22.97320161069037 59.0
21.737136695556753 59.0
21.0 58.3132791411966
19.991544021079783 58.0
18.755479105946165 58.0
17.51941514448686 58.0
17.0 57.013607606149804
16.0 56.68868102497662
15.264294233829382 56.0
14.028229318695763 56.0
33.382968874957754 59.0
30.787302913878996 59.0
28.191614553451103 59.0
25.595969448541165 59.0
23.00029908325913 59.0
21.702467056394077 59.0
21.0 58.280323711594484
19.93407073409088 58.0
17.33840036880886 58.0
16.867836073370725 57.0
16.0 56.480221532692156
15.099439751067539 56.0
14.0 55.76017608349449
13.331037117212446 55.0
13.0 53.83133975504518
32.0 58.224657440978454
29.900114616353797 59.0
27.15652025697639 59.0
24.412933062013902 59.0
21.669338702636495 59.0
21.0 58.25195921460879
19.864805700331104 58.0
18.493008997479564 58.0
17.12121823233558 58.0
16.68846883075925 57.0
16.0 56.27233091229391
14.883935828453858 56.0
14.0 55.48047633649634
13.079442250341529 55.0
13.0 53.623777031949324
12.213969816420827 53.0
11.781228482717935 52.0
28.953568186245775 59.0
26.031933867102975 59.0
24.571110013577556 59.0
23.110292377169 59.0
21.649475694434756 59.0
21.0 58.238098739888684
19.792731316779847 58.0
18.331900148452835 58.0
17.0 57.87893905027552
16.47515656661774 57.0
16.0 56.07440176239418
14.618412984782648 56.0
14.0 55.20892119189237
13.0 54.776187555864865
13.0 53.40438345623004
12.0 52.971647209566896
11.573875949295758 52.0
11.0 51.16710565920731
10.782018026982753 50.0
26.363953952200085 59.0
23.2263424392377 59.0
21.657541293892663 59.0
21.0 58.246126001033524
19.728718419827178 58.0
18.159906998977814 58.0
17.0 57.66173008837582
16.231076754325613 57.0
15.871056976848452 56.0
14.302304604680211 56.0
13.942279000316159 55.0
13.0 54.48168812668824
13.0 53.18384849236416
12.0 52.71328520569995
11.293399654012644 52.0
11.0 50.94488478304431
10.57335070484269 50.0
10.0 49.17648102580502
9.85330607277518 48.0
23.415454705387063 59.0
21.714163933360794 59.0
21.0 58.28280286405532
19.687937532715683 58.0
17.986638472658996 58.0
17.0 57.48076881665203
16.0 56.97123805936201
15.635423464712725 56.0
14.0 55.952139400727475
13.609205022096344 55.0
13.0 54.20654628967208
12.959361911954966 53.0
12.0 52.46095421704021
11.0 51.95142783326115
11.0 50.71535989433909
10.283305609648263 50.0
10.0 48.96976279536422
9.633464698449234 48.0
9.0 47.22416968430881
9.0 45.98809775746728
21.0 58.353532387545215
19.69080047109619 58.0
17.824536564654565 58.0
17.0 57.33889031236225
16.0 56.78914103675244
15.377208015196057 56.0
14.0 55.6896290908641
13.220408782469875 55.0
13.0 53.95549807227602
12.639349773485455 53.0
12.0 52.221370717079715
11.0 51.671618145396685
11.0 50.48724343753616
10.0 49.93748654005974
10.0 48.75311234329533
9.320442083386661 48.0
9.0 47.01898498809903
9.0 44.650232779872944
8.158330314819528 44.0
17.692239941877833 58.0
17.0 57.239411258874256
16.0 56.648072138861195
15.103091975768509 56.0
14.0 55.46527886901605
13.0 54.87387848493224
13.0 53.73272572460464
12.257075168216163 53.0
12.0 52.0001729811721
11.0 51.40877591250265
11.0 50.26762321771108
10.0 49.67622655002049
10.0 48.53507392076495
9.0 47.943673405609076
9.0 45.661368016025946
9.0 44.52021157207314
8.0 43.92881500268659
8.0 41.6465094820314
16.0 56.551310299666824
14.822961463174277 56.0
14.0 55.282076561439865
13.0 54.64745778497775
13.0 53.54227198875096
12.0 52.90765691479422
11.580231562982545 52.0
11.0 51.16785203692565
11.0 50.06266628359636
10.0 49.428051283535304
10.0 48.32286590007879
9.0 47.68824712361668
9.0 45.47787934586036
9.0 44.37269366182546
8.0 43.73807488536335
8.0 41.527707107607036
8.0 39.31733955423451
14.0 55.14338814569465
13.0 54.463790311789595
13.0 53.38826243473745
12.0 52.70866471126742
11.073414255063382 52.0
11.0 50.95353552695572
10.691884613692938 50.0
10.0 49.198410462563075
10.0 48.12288292015938
9.0 47.44328508625432
9.0 45.292230001446924
9.0 44.2167023646462
8.0 43.53710462513817
8.0 41.38604935153673
8.0 40.31051808883279
8.0 38.15946300402538
9.0 36.688005564328996
13.0 53.27489197148985
11.0 51.82180973343088
11.0 50.77034826858493
10.134822690581686 50.0
10.0 48.992345762177465
9.818051334587501 48.0
9.0 47.21434317830203
9.0 45.11141651138083
9.0 44.059951231837616
8.0 43.33341019027609
8.0 41.23048451116588
8.0 39.12755558587612
8.0 38.076094173327064
9.0 36.6997047041123
9.0 34.59677775444503
11.0 51.65552228188102
11.0 50.62308634119181
10.0 49.84740868873469
10.0 48.81497268682955
9.153042941716388 48.0
9.0 47.0068590324673
9.0 45.97441933829675
9.0 44.94198333639161
8.647713165288465 44.0
8.0 43.133869682029356
8.0 42.10143380255607
8.0 40.03656192117765
8.0 39.00412604170437
9.0 37.71493181278306
9.0 36.68249211861251
9.0 34.617620237234085
8.0 33.841942462345116
8.0 32.80950658287183
10.0 49.689327520815226
10.0 48.67129358795512
9.0 47.84402746292285
9.0 45.807962136151716
9.0 44.789927610899326
8.0 43.962657671169794
8.0 41.926592435362295
8.0 39.89052710859115
8.0 38.87249258333877
9.0 37.66369719629715
9.0 35.62763196048965
9.0 34.609597435237276
8.0 33.782327495507744
8.0 32.76429669398898
6.669890270419145 32.0
4.0 31.491289800272884
9.0 47.68527044720477
9.0 45.66937685443517
9.0 44.66142794018148
8.0 43.779810903761984
8.0 41.76391307525459
8.0 39.74801900120474
8.0 38.74007008695104
9.0 37.60578929486314
9.0 35.589891466355766
9.0 34.5819463065596
8.0 33.7003292701401
8.0 32.69238035588641
5.502067065119964 32.0
4.0 31.181810038715813
4.0 30.17386303181075
6.0 28.91325036188866
9.0 45.56457667162398
9.0 44.56259804985979
8.0 43.623537366394956
8.0 41.61958393756385
8.0 39.615630538734344
8.0 38.613651916970156
9.0 37.54875538690821
9.0 35.5448019880787
9.0 34.54282336631452
8.0 33.60376649754695
8.0 32.60178787578276
4.0 31.851480887209583
4.0 30.849504202795625
7.0 29.658773763486817
6.0 28.719713050020385
6.0 26.715759651190876
8.0 43.50007057021321
8.0 41.5000705701932
8.0 39.500070570171374
8.0 38.50007057016228
9.0 37.5000667554541
9.0 35.50006675543409
9.0 34.500066755424996
8.0 33.50007057011135
8.0 32.50007057010043
4.0 31.500105856945083
4.0 30.500105856939626
7.0 29.50010013488918
6.0 28.500102042232356
6.0 26.500102042222352
6.0 24.500102042212347
8.0 41.41219265552482
8.0 39.40824088046485
8.0 38.40626307058727
9.0 37.46719552446621
9.0 35.46324371940831
9.0 34.461265939528666
8.0 33.396377895892485
8.0 32.394429674484435
4.0 31.140803165098852
4.0 30.138825235225873
7.0 29.32558567733483
6.0 28.2606956025837
6.0 26.256741680185225
6.0 24.252787757786752
6.0 22.248833835388275
8.0 39.34755715799414
8.0 38.339609395884864
9.0 37.45798960587615
9.0 35.44209402141972
9.0 34.43414631954832
8.0 33.299842411678156
4.0 31.78659069214559
4.0 30.778643170985045
7.0 30.14967379860352
7.0 29.141726277442974
6.0 28.007452706689428
6.0 25.99155766436834
6.0 23.975662561810296
6.0 21.95976751948921
5.0 20.825493948735662
4.0 19.69122037798211
9.0 37.4806948311799
9.0 35.44463076200577
9.0 34.42659863645885
8.0 33.217809968520534
4.0 31.436751400528482
4.0 30.418721182330195
7.0 29.97295904779687
6.0 28.764170379858555
6.0 26.7281081270732
6.0 24.692045874287842
6.0 22.65598180511371
6.0 21.63795158691542
5.0 20.429162918977106
4.0 19.220374251038795
3.0 18.01158549214063
4.0 17.184319730136597
9.0 35.47987895443022
9.0 34.447443465667895
8.0 33.15825406752483
4.0 31.098803063669347
4.0 30.066367574907023
7.0 29.80419572163556
6.0 28.5150064459223
6.0 26.45013546839765
6.0 24.385264613302805
6.0 22.32039442150303
6.0 21.287958917023566
4.0 19.742015467381787
3.0 18.452826051536082
4.0 17.677138149623595
4.0 16.644703843677647
5.0 15.869021633246323
5.0 14.836586434840743
4.0 31.830235392774004
4.0 30.778774550100767
4.839253252513187 30.0
7.0 29.650599259849066
6.0 28.274222693924546
6.0 26.17130069871444
6.0 25.119839701109388
6.0 23.0169178608311
6.0 21.965456863226045
5.0 20.589080297301525
3.0 18.88778824052344
3.503739349666007 18.0
4.0 17.109788825271004
4.0 16.05832751780136
5.0 15.331782781402737
5.0 14.280321551399243
6.0 13.55377681500062
7.0 12.827232078601998
7.0 29.52034016260574
6.0 28.04888942784543
6.0 25.897838111664218
6.0 24.82231226478191
6.0 23.74678469934267
6.0 21.595733194369757
4.0 19.728357760523142
3.0 18.256899879180704
4.0 17.577305301875914
4.0 16.50177869011099
5.0 15.822177825502537
5.0 14.746651288311982
5.830648596499144 14.0
6.021408557741757 13.0
7.0 12.311922970062522
8.928655576334599 12.0
11.645162794262566 12.0
6.0 27.846929889474694
6.0 25.636565747684173
6.0 23.42620290616823
6.0 22.321019604424944
5.0 20.745274951357224
3.0 18.698963131531283
3.863265243562009 18.0
4.0 16.959159237536056
4.310315954376788 16.0
5.0 15.219356207721878
5.0 14.114173536224227
6.0 13.479552309125147
7.0 12.844931138121245
7.553066511916906 12.0
12.250365498993764 12.0
14.0 11.718126771852813
14.82254112285964 11.0
6.0 25.395358045102938
6.0 23.1130542152233
6.0 21.97190328246875
4.0 19.731261161247197
3.0 18.040352877906532
4.0 17.448951875501518
4.0 16.30780081167634
5.0 15.7164000533234
5.0 14.575256503799837
6.0 13.983856052009333
6.286121354176329 13.0
7.0 12.251297798173523
8.61865052064022 12.0
11.0 12.168000945662005
12.770166132823563 12.0
14.0 11.534951064093057
15.0 10.943550343689736
15.0 9.8023994945602
15.61619096212216 9.0
6.0 22.814883571739877
5.0 20.99589733569435
3.0 18.542296578452966
4.0 17.99253938479917
4.0 16.80816766994951
4.592805319930413 16.0
5.0 15.074039942076203
5.173856244123764 14.0
6.0 13.33991213855095
7.0 12.790155020549097
7.621190668479753 12.0
11.353751995190287 12.0
13.220035062739521 12.0
14.0 11.310605649542493
15.0 10.760850751793777
15.0 9.576475239672671
15.95789729465244 9.0
16.24841920377492 8.0
18.0 7.927203251735287
3.152844545152596 18.0
4.0 17.37942527925094
4.0 16.143359663545592
5.0 15.63383195182728
5.0 14.39776763623652
6.0 13.888240878192526
6.478742488704199 13.0
7.0 12.142647897209137
8.504968804815913 12.0
11.0 12.576668454966727
11.907587211985422 12.0
13.60889551106366 12.0
14.0 11.048084618263893
15.0 10.53855394173491
15.0 9.30248886351918
16.0 8.792965739604274
16.609877886085417 8.0
18.0 7.773907572243212
18.636110052833974 7.0
21.71381281334265 8.0
4.657786658339442 16.0
5.0 14.985268612934732
5.377827946864558 14.0
6.0 13.216869110393965
7.0 12.746302867212744
7.666689360891466 12.0
9.235510279418751 12.0
11.0 12.161870243805062
12.37314905202632 12.0
13.941972558163451 12.0
14.301996532031996 11.0
15.0 10.279605167820941
15.022035512400745 9.0
16.0 8.511204852299063
16.95087638954464 8.0
18.0 7.570077038598986
18.879716978488027 7.0
21.65733861445362 8.0
32.89656840737603 16.0
33.25658058850756 15.0
6.0 13.881472816039073
6.522149936108312 13.0
7.0 12.076931263099791
8.378902182556727 12.0
9.839727435050026 12.0
12.761375031700583 12.0
14.0 11.791341680988598
14.61812962273651 11.0
15.0 9.986804237857061
15.409978948940703 9.0
16.0 8.18226550436076
17.266724480659914 8.0
18.0 7.316789411178439
19.12347512313571 7.0
21.649197031974563 8.0
30.564308403506434 15.0
33.0 15.915448836190981
33.48596458667553 15.0
34.94678933138528 15.0
7.591967385044001 12.0
8.963773102461168 12.0
11.0 12.707532302193329
11.707386486819226 12.0
13.079186290165469 12.0
14.0 11.519748532868821
14.883733548393348 11.0
15.0 9.663002377171361
15.749201002778097 9.0
16.18194344161645 8.0
17.55374284576111 8.0
18.0 7.014397244854056
19.358286202895044 7.0
21.669157043283885 8.0
23.980034975045044 9.0
30.98625182935539 15.0
33.0 15.683595022761715
33.72986332229809 15.0
36.47347246010933 15.0
11.0 12.320170221494992
12.0329674386746 12.0
13.33081338133501 12.0
14.0 11.240101865049944
15.0 10.880069700947047
15.0 9.311268259814646
16.0 8.95124477398419
16.5108969708166 8.0
17.808735594130304 8.0
18.279298493780942 7.0
19.577137729702855 7.0
21.70225405833209 8.0
23.827371735112198 9.0
30.088874907945964 15.0
32.21399219024952 16.0
33.0 15.381306322373696
33.98239432582208 15.0
35.280234712656586 15.0
37.87592519076755 15.0
13.518511106815136 12.0
14.028035321088236 11.0
15.0 10.636491518060229
15.04707554671254 9.0
16.0 8.610284592697829
16.79266978255984 8.0
18.0 7.960443150992521
18.538263784943428 7.0
19.774334701665424 7.0
21.736952061766264 8.0
22.973026006529313 8.0
29.294929287949994 15.0
30.530999550074394 15.0
32.49364508370193 16.0
33.00314102799751 15.0
35.475272549206345 15.0
37.947415170275704 15.0
39.183483880572524 15.0
15.0 10.405652999238027
15.292315493432076 9.0
16.0 8.248859475452136
17.026444259476655 8.0
18.0 7.667802169714218
18.760573025521236 7.0
19.94494962863533 7.0
21.76394991540229 8.0
22.94832621590409 8.0
28.57507072287433 15.0
30.943823323877925 15.0
32.762823913257186 16.0
33.312576227493814 15.0
35.681329433722 15.0
36.8657057342238 15.0
39.234458335227394 15.0
41.05345862199436 16.0
16.06958963449437 8.0
17.210744636099655 8.0
18.0 7.359900989288253
18.94329718491779 7.0
21.0 8.665360229628845
21.77536681201524 8.0
22.916521813620523 8.0
27.905995136108302 15.0
30.18828097384755 15.0
31.87919424890363 16.0
33.0 15.962971981175706
33.61175200502212 15.0
34.7529087959472 15.0
37.03521803880922 15.0
39.317527281671225 15.0
41.00844099999288 16.0
42.699356625663164 17.0
18.0 7.046607019444881
19.08325322250252 7.0
21.0 8.724640133281746
21.764192394111937 8.0
22.86939360583441 8.0
27.268563679137788 15.0
29.478934585066305 15.0
30.584127692641687 15.0
32.15988298709858 16.0
33.0 15.436707405010736
33.89968414391517 15.0
36.11005716836947 15.0
38.32042828547514 15.0
39.42561361964295 15.0
41.00136891409984 16.0
42.57712375978667 17.0
49.799712743701846 30.0
21.0 8.887940574565057
21.723964705820254 8.0
22.79949278525994 8.0
26.646546031080458 15.0
28.797603719718232 15.0
30.948661785946236 15.0
32.420122687622495 16.0
33.099719474584006 15.0
34.175248318902895 15.0
35.250777163221784 15.0
37.401834851859554 15.0
39.55289291808756 15.0
42.49581472144009 17.0
48.71846031140486 30.0
49.79408070363174 30.0
22.69981605098945 8.0
26.025749684410062 15.0
28.12867694394924 15.0
30.231604823232228 15.0
31.60799078762163 16.0
32.659454417391224 16.0
33.38599411506427 15.0
35.48892168447535 15.0
37.59184925388644 15.0
39.69477682329752 15.0
41.07116278768692 16.0
42.4475528766455 17.0
47.723030054528145 30.0
49.82595731406732 30.0
26.425561572234113 15.0
28.490437015454678 15.0
30.55531079619233 15.0
31.844507886764845 16.0
32.87694465470081 16.0
33.652621100000225 15.0
34.685057867936194 15.0
36.74993140380813 15.0
38.81480493968005 15.0
39.84730020727667 15.0
41.13649975679783 16.0
42.42569930631899 17.0
46.79604635808505 30.0
48.860921118287486 30.0
49.893358375954904 30.0
27.790548121958263 15.0
29.826613938252837 15.0
30.84464693736381 15.0
32.05344443267424 16.0
33.0 15.625310972203721
33.898745570841974 15.0
35.93481138713654 15.0
37.97087720343111 15.0
38.98891192796334 15.0
40.19770769785252 16.0
41.21574242238475 16.0
42.42453819227393 17.0
45.92251373245506 30.0
47.958579548749626 30.0
49.9946453650442 30.0
29.083363070291703 15.0
30.091312474077366 15.0
31.225595618443837 16.0
32.23354311488087 16.0
33.115156629774376 15.0
35.13105531686434 15.0
37.146894683962856 15.0
38.15484384678581 15.0
39.16279288912923 15.0
40.2970738700254 16.0
41.30502303284835 16.0
42.43930019904726 17.0
45.08956456305601 30.0
47.10546276822238 30.0
49.12135715869148 30.0
50.1293062010349 30.0
30.316209156895432 15.0
31.381103777661785 16.0
32.38308248754309 16.0
33.32214141183893 15.0
35.326096864249756 15.0
37.330050469315104 15.0
39.3340040143773 15.0
40.398900602495445 16.0
41.40087931237676 16.0
42.46577202579448 17.0
43.9710937615705 25.0
45.28766186263601 30.0
47.2916154076982 30.0
49.29556901276355 30.0
50.297547722644865 30.0
31.49992561504041 16.0
32.49992561505496 16.0
33.49992180037589 15.0
35.49992180040499 15.0
37.499921800434095 15.0
39.499921800466836 15.0
40.499925615178654 16.0
41.499925615193206 16.0
42.49992942990502 17.0
43.4999599474977 25.0
44.49997902100222 30.0
46.49997902103132 30.0
48.499979021060426 30.0
50.49997902109317 30.0
32.58117935444297 16.0
33.6460672780874 15.0
35.65002271785495 15.0
37.65397434292523 15.0
39.657929782692776 15.0
40.59699342412275 16.0
41.59897117400447 16.0
42.53803863013171 17.0
43.03673444994884 25.0
44.0 25.61535615936657
44.72613490622617 30.0
46.730090345993716 30.0
48.734041971063995 30.0
50.73799741083154 30.0
33.75757205200143 15.0
35.77347018617816 15.0
37.78936438518555 15.0
39.805258584192934 15.0
40.68688167708327 16.0
41.69482877658697 16.0
42.57645174900522 17.0
42.700129958910836 24.0
43.58175293132909 25.0
44.0 29.668150451053123
44.966026494909286 30.0
46.98192081438875 30.0
48.99781501339614 30.0
51.013709332875614 30.0
34.84865046049505 15.0
36.884714131127495 15.0
38.92077380514307 15.0
39.93880954611637 15.0
40.76608093502421 16.0
41.784112679380634 16.0
42.61138788298575 17.0
42.29412402400269 24.0
43.12139922760782 25.0
44.0 25.730936781591225
44.20368019448377 30.0
46.2397436831966 30.0
47.257771612855755 30.0
48.27580735382905 30.0
49.29383528348821 30.0
50.31186702784463 30.0
51.32989895412065 30.0
35.925620770506384 15.0
36.95805300519973 15.0
37.99048905459035 15.0
39.0229212892837 15.0
40.0 15.215607964700496
40.831039602413576 16.0
41.863475651804194 16.0
42.63915791554345 17.0
42.0 23.510590668120756
42.90677640294869 24.0
43.68246248138521 25.0
44.0 27.784415235254784
44.46358091069866 30.0
45.496016960089285 30.0
46.52844919478264 30.0
47.56088524417325 30.0
48.5933174788666 30.0
49.62575352825723 30.0
50.65818576295058 30.0
51.6906218123412 30.0
36.9963038525376 15.0
38.04776423041539 15.0
39.09922460829317 15.0
40.0 15.46376754679369
40.877230415456545 16.0
41.92869079333433 16.0
42.65523972745355 17.0
41.75720669541453 23.0
42.48375181483648 24.0
43.21029662439479 25.0
44.0 25.805616405178995
44.0 29.041720766628316
44.74010053615808 30.0
45.79156122389951 30.0
46.84302160177729 30.0
47.89448610421597 30.0
48.94594648209377 30.0
49.997407169835185 30.0
51.0488678575766 30.0
52.10032823545439 30.0
38.069274741671045 15.0
39.14479822887422 15.0
40.0 15.556482486782357
40.899927392680965 16.0
41.97545469458141 16.0
42.65505311937366 17.0
41.35503231230773 23.0
42.03463455179724 24.0
43.0 24.278238463869485
43.78976027848992 25.0
44.0 27.185484350852377
44.0 29.901978081939703
45.03671419018894 30.0
46.112241114506176 30.0
47.187768038823414 30.0
48.26329534072386 30.0
49.338978135821264 30.0
50.414503927392815 30.0
51.49002934138506 30.0
52.565554944166955 30.0
39.15358370280319 15.0
40.0 15.549914871189301
40.893387616608074 16.0
41.99857019913882 16.0
42.63319197917109 17.0
40.91503263489461 23.0
42.0 23.04295208285508
42.654836997457615 24.0
43.28945832873177 25.0
44.0 25.83866762473673
44.0 28.187328459628816
44.25221350792343 30.0
45.357396090454166 30.0
46.46257440952953 30.0
47.56775699206026 30.0
48.67293957459099 30.0
49.7781145277272 30.0
50.883297110257935 30.0
51.98847946840961 30.0
53.564218814362505 29.0
40.0 15.470798184236429
40.8502220780616 16.0
41.99137228340708 16.0
42.582772576903736 17.0
40.42542712585354 23.0
41.56657351650176 23.0
42.15797814897806 24.0
43.0 24.54411714831852
43.8905286478202 25.0
44.0 26.87663400250213
44.0 28.95241683260896
44.565245435380064 30.0
45.7063919440576 30.0
46.84754608212966 30.0
47.98869232866615 30.0
49.12984646673821 30.0
50.27099297541574 30.0
51.412146851346755 30.0
53.10304271058963 29.0
54.24419684866169 29.0
40.762007130617256 16.0
41.94635749422492 16.0
42.496114468451296 17.0
40.0 22.799599859334172
41.057169838489735 23.0
42.0 23.380647349048502
42.79130073320483 24.0
43.34122172915624 25.0
44.0 25.828209876742577
44.0 27.694504286688158
44.0 29.560798696633725
44.905646793700484 30.0
46.09001519441806 30.0
47.27438329253027 30.0
48.45875169324785 30.0
49.64311979136004 30.0
50.827487889472245 30.0
52.01185613888714 30.0
53.83083385388294 29.0
55.01520958138968 29.0
41.85379855036585 16.0
42.36332556092759 17.0
43.0 17.8249986515278
40.4762488228911 23.0
41.71216271861273 23.0
42.22167778048525 24.0
43.0 24.630035384911146
43.96727328458912 25.0
44.0 26.656254352486798
44.0 28.357564395661328
44.042774196534005 30.0
45.27884099559368 30.0
46.514908141093905 30.0
47.75096731075905 30.0
48.987034283038994 30.0
50.223101255318944 30.0
51.459169756918676 30.0
53.42177525788439 29.0
54.65784202548141 29.0
56.620439550612105 28.0
42.171547442838964 17.0
43.0 17.5673851058477
40.0 22.762618482623694
41.10145351130707 23.0
42.0 23.482636728430336
42.86984231128233 24.0
43.34042413754973 25.0
44.0 25.77152481973784
44.0 27.340337398196382
44.0 28.909159144324136
44.395417011118795 30.0
45.693247727042156 30.0
46.99107844296551 30.0
48.28890935612409 30.0
49.58674007204744 30.0
50.884570787970794 30.0
53.00967381859688 29.0
54.30750433728501 29.0
56.432599738516565 28.0
57.730430651675135 28.0
43.0 17.29424547037064
39.95282048304762 22.0
40.385561819029405 23.0
41.75735417753505 23.0
42.19009551351683 24.0
43.0 24.59836134391098
43.994628755804506 25.0
44.0 26.45510430084625
44.0 27.9159207697385
44.0 29.376745124722824
44.78652976559029 30.0
46.15833002311785 30.0
47.53013028064542 30.0
48.90192076044918 30.0
50.27372095859319 30.0
51.645521156737175 30.0
53.95638076170767 29.0
56.26723991889998 28.0
57.63903248764944 28.0
59.94989827919283 27.0
39.13799476342137 22.0
40.0 22.562339714458368
40.99473957989115 23.0
42.0 23.42780286262142
42.85149493576226 24.0
43.24742278530434 25.0
44.0 25.66508048669693
44.0 27.036891492128994
44.0 28.408695511832683
44.0 29.780506636474023
45.227077919390226 30.0
46.687884936172196 30.0
48.148702494924635 30.0
49.609512424282556 30.0
51.07032972914728 30.0
53.596012318472916 29.0
56.121705476665305 28.0
57.582539560598185 28.0
60.10821570230724 27.0
62.63392992585511 26.0
39.713037761057315 22.0
40.073052497126376 23.0
41.64185553122419 23.0
42.00188180863489 24.0
43.0 24.472117776676768
43.93070700020813 25.0
44.0 26.240518573689876
44.0 27.53835951362197
44.0 28.836208181282224
44.16203242009438 30.0
45.730835742387086 30.0
47.299639064679816 30.0
48.868454229499584 30.0
50.43725720342797 30.0
53.21483677011673 29.0
54.783639744045125 29.0
57.56119316806939 28.0
60.33877491212073 27.0
64.32513300039602 25.0
65.89393724744338 25.0
40.0 22.229124902067912
40.64028500377483 23.0
42.0 23.248169818409053
42.66649778703223 24.0
43.0 24.993765813208775
44.0 25.50328932722763
44.0 26.739358265800444
44.0 27.975432747513597
44.0 29.211517351820966
44.61602833745853 30.0
46.31732026041203 30.0
48.01861218336553 30.0
49.719896476924525 30.0
51.421187743575175 30.0
54.49887002346773 29.0
57.57651782014087 28.0
62.03054027784581 26.0
65.10819701651813 25.0
66.8094880361578 25.0
66.0 26.824203692146362
40.0 22.60825217410992
41.248965017593 23.0
42.0 23.707753689394206
43.0 24.257507245303877
43.69628734384788 25.0
44.0 25.991637177322442
44.0 27.176014234737305
44.0 28.360395657146587
44.0 29.544772714561457
45.14894632378579 30.0
47.0151675767497 30.0
48.88142042030747 30.0
50.74768239598947 30.0
54.189661533866634 29.0
59.20737459545773 27.0
64.2250800276543 25.0
66.0913420033363 25.0
67.0 25.607716486261765
66.0 27.42672074727514
65.0 29.24573080379009
40.0 22.91306994003036
41.91760922549778 23.0
42.1743679178961 24.0
43.0 24.68726586331139
44.0 25.278661308437695
44.0 26.419817288053775
44.0 27.560973267669855
44.0 28.7021297241231
44.0 29.84328618057634
45.79067206126379 30.0
47.86640393919177 30.0
49.942135817119755 30.0
53.836838167166235 29.0
59.55051445874534 27.0
65.26419075032445 25.0
67.0 25.186875254206647
66.0 26.877792721986822
65.0 28.568710189767003
65.0 29.709866646220235
65.0 30.851021195324833
40.32731354582469 23.0
42.0 23.318067743750948
42.899446095246034 24.0
43.12298115265165 25.0
44.0 25.69248539256558
44.0 26.79769089689616
44.0 27.902880243592985
44.0 29.00806600011374
44.2406685122364 30.0
46.589277083034055 30.0
48.937880051066934 30.0
53.41155833261684 29.0
64.26046815748255 25.0
66.60902722451883 25.0
67.0 25.921205051950626
66.0 27.496964453340148
65.0 29.072720264561642
65.0 30.17790366496477
65.0 31.28309447023319
65.0 32.388277870636315
40.85535905970123 23.0
42.0 23.622325590588908
43.0 24.301901081987676
43.95326119656405 25.0
44.0 26.057023550260183
44.0 27.13255468205587
44.0 28.20808279310947
44.0 29.28361487857947
44.90707630026322 30.0
47.623514301459515 30.0
50.340034981074744 30.0
65.68477134257515 25.0
67.0 25.554784532893024
66.0 27.02624970842813
65.0 28.49771790471314
65.0 29.573247347030886
65.0 30.648777902749906
65.0 31.72430734506765
65.0 32.799834880036755
66.0 33.47943160988706
41.45485730618901 23.0
42.0 23.87433378018445
43.0 24.60087228157011
44.0 25.327410782955766
44.0 26.37887483109916
44.0 27.43033792556824
44.0 28.48180349901523
44.0 29.533225206955194
45.7994659748469 30.0
64.42372721959873 25.0
67.0 25.214371936789863
66.0 26.590759265393846
66.0 27.642221096317325
65.0 29.0186084249213
65.0 30.07007216319342
65.0 31.121538380435783
65.0 32.173000211359266
65.69082072311866 33.0
66.0 33.95100409757161
67.0 34.67754233816322
42.0 23.047226383688425
42.310264373858296 24.0
43.0 24.855340081513326
44.0 25.6310162768032
44.0 26.6634518204049
44.0 27.695931413883294
44.0 28.72836916128591
44.0 29.760805001339904
66.56266956848356 25.0
67.0 25.920147783509076
66.0 27.20934782276544
65.0 28.498547862021802
65.0 29.53098560942442
65.0 30.563423356827045
65.0 31.595859196881037
65.0 32.628296944283655
66.0 33.403972399832526
67.0 34.17964589644059
67.0 35.212083643843215
67.95232594116709 36.0
42.0 23.22430816454841
43.0 24.051575395580404
43.364667329826645 25.0
44.0 25.896833800854733
44.0 26.91486496202783
44.0 27.93289993789821
64.71098759785802 25.0
67.0 25.581369506510022
66.0 26.790167623575453
66.0 27.80820069209719
65.0 29.016998809162626
65.0 30.035031877684357
65.0 31.053064946206103
65.0 32.07109801472784
65.46722963105668 33.0
66.0 33.916398651300824
67.0 34.7436685786275
67.0 35.76169973980061
68.0 36.58896966712729
69.0 37.41623577975671
42.0 23.357325353446278
43.0 24.23894130040466
44.0 25.120554376160765
44.0 26.12850264115079
44.0 27.136451849635797
67.0 25.238713874374525
66.0 26.372996364744814
66.0 27.38094366588119
65.0 28.515227099746475
65.0 29.523177272085135
65.0 30.53112457322151
65.0 31.539071874357887
65.0 32.54702204669655
66.0 33.42863702980128
67.0 34.31025010555739
67.0 35.31824210513718
68.0 36.1998554066867
69.0 37.08146870823622
69.70775710943936 38.0
70.0 38.971028608401554
42.0 23.448764357858774
43.0 24.387823409362298
44.0 25.326880553517192
65.11980779948098 25.0
67.0 25.88367690485097
66.0 26.948573988461412
66.0 27.950551102344086
65.0 29.015448185954533
65.0 30.017424819795927
65.0 31.019403841027234
65.0 32.02138095490991
65.3712345840857 33.0
66.0 33.96246209160303
67.0 34.90151505724236
67.0 35.90349419848763
68.0 36.842551458880074
69.0 37.78160490457525
70.0 38.72066168491184
70.0 39.722640826157104
71.0 40.66169427185229
