216.0 131.5
216.0 132.52357009009842
217.0 133.05559141861053
217.0 133.5738035137163
218.0 134.12350169378894
218.0 134.64947372765045
219.0 135.21950065635167
219.0 136.28350384011802
219.0 136.8162730632563
220.0 137.41869594589144
221.0 138.03386231682916
221.0 138.58139223196696
222.0 139.21724788555565
222.0 140.32668807398844
222.0 140.88170314140294
223.0 141.55228108225313
224.0 142.23584091306117
224.0 142.806382641166
225.0 143.51115050091406
226.0 144.22933393662635
226.0 144.81548677266935
227.0 145.55551429312382
227.0 146.74654583103302
228.0 147.51559851987346
229.0 148.29922928330356
230.0 149.09716966338186
230.0 149.71798342551534
231.0 150.53781839892596
232.0 151.37226640134102
233.0 152.2216400606161
233.0 153.5176458316716
234.0 154.39785716476393
235.0 155.2937697373676
236.0 156.20545076573566
237.0 157.1320287754928
238.0 158.07461527707787
238.0 159.46583480531078
239.0 160.44065555420423
240.0 161.43332150617448
241.0 162.441085041022
241.0 163.16815024403883
242.0 164.20249204839436
243.0 165.25232580784103
244.0 166.31919898953834
244.0 167.0783206810925
245.0 168.1727171198118
246.0 169.2845374128103
246.0 170.06674205865764
247.0 171.20554489777697
248.0 172.36222428821736
248.0 173.1692937759181
249.0 174.3550990029255
250.0 175.55873159344276
250.0 176.3922296628589
251.0 177.6258741222212
251.0 178.474535194822
252.0 179.73829629988867
253.0 181.02065403625323
253.0 181.89782226020037
254.0 183.21250830995893
254.0 185.00502049670632
255.0 186.36427078722915
255.0 188.20266534036608
255.0 189.13033107536774
256.0 190.54962335580336
256.0 191.49593080487068
256.0 193.4073867079256
257.0 194.88921219720422
257.0 195.86834921478325
257.0 197.8456627577631
257.0 199.85082513388275
257.0 200.86360781612692
255.46215331081578 201.0
252.00579404768808 200.0
246.94573282038456 198.0
242.0163527538098 196.0
237.21407425410942 194.0
234.1557413908403 193.0
231.17023815869518 192.0
226.6813507766628 190.0
223.85990177179602 189.0
221.104347096052 188.0
218.41584706039373 187.0
214.2962066729831 185.0
211.75155850405878 184.0
209.2649007663285 183.0
205.4046187848103 181.0
203.04973102671568 180.0
199.35555315423522 178.0
197.12499083228852 177.0
185.43836819222602 169.0
184.1213270425736 169.0
182.843190163854 169.0
181.61157760872464 169.0
180.41368889670628 169.0
179.8300345029953 169.0
178.68549582525577 169.0
177.5792590652597 169.0
177.0348406669782 169.0
175.97437098184992 169.0
175.45305597396703 169.0
175.0 169.0555500054809
175.0 169.5332192985371
174.9876138690428 170.0
173.97951142648026 170.0
173.00015258789062 170.0
172.04511073666157 170.0
171.11178944480412 170.0
170.65366044928618 170.0
169.75406673846695 170.0
169.31082830156373 170.0
169.0 170.1407257419877
169.0 170.63163659448276
168.88446985515245 171.0
168.02399874787054 171.0
167.59571256180405 171.0
167.17727659561487 171.0
167.0 171.29141841124311
167.0 171.80419261313654
166.73735799713916 172.0
166.32457241515107 172.0
166.0 172.10983532858285
166.0 172.64148744540188
165.862525442055 173.0
165.05007304049482 173.0
165.0 173.47873526980413
165.0 174.60815814422475
165.0 175.7811244475462
165.0 176.9902126267832
164.59233660211348 177.0
164.1827298086389 177.0
164.0 177.34549912028692
164.0 178.63649264360646
164.0 179.98114314216315
164.0 180.67428697580516
165.0 183.0729993257208
165.0 184.58410923731242
165.0 186.16156212387267
165.0 187.8163964477277
165.0 189.54475657912695
165.0 191.36169353179065
165.0 193.267598843761
165.0 195.27296115876868
165.0 197.38899010979065
165.0 198.4902522122249
164.722899747763 199.0
164.215266507646 199.0
164.0 199.67173928424512
164.0 200.86275892693834
163.96137029768067 202.0
163.44346082810264 202.0
163.0 202.1809409595886
163.0 203.48061183917582
162.6793145054911 204.0
162.15589025321503 204.0
162.0 204.9744578192845
161.48357402121914 205.0
161.0 205.1072972313134
160.79388144878894 206.0
160.2690830605186 206.0
160.0 206.74669421632217
159.55712511461263 207.0
158.5076345384539 207.0
158.0 207.04245129308623
157.77269234007815 208.0
156.72551889425918 208.0
155.6861123392726 208.0
154.65497998450604 208.0
153.63043266122864 208.0
152.61162214836077 208.0
151.6003891817158 208.0
150.59387407461674 208.0
150.09244668803032 208.0
149.09389190086003 208.0
148.5953407796603 208.0
148.0997086994913 208.0
147.77509039044344 209.0
146.7753101105486 209.0
146.27651598330175 209.0
145.9238168086687 210.0
144.918781282514 210.0
144.41698141951665 210.0
144.0 210.69502794948767
143.6438860153807 212.0
143.1313598067065 212.0
142.72173032750968 213.0
142.2036483386254 213.0
141.7765435851974 214.0
141.25417691771605 214.0
140.65634297377477 213.0
140.14200531687348 213.0
139.1139075599537 213.0
138.0863804971018 213.0
137.6119869277029 214.0
137.0922821219164 214.0
136.5991720600991 215.0
136.07466835612072 215.0
135.56150689336812 216.0
134.5002280339148 216.0
133.43764225531768 216.0
132.92578940755112 215.0
132.40127121196198 215.0
131.90683666857268 214.0
130.86939688092454 214.0
129.82993591454112 214.0
128.7892132376049 214.0
127.74627571476226 214.0
126.70161367758467 214.0
125.87526615876322 217.0
125.33297915233442 217.0
124.56152206318264 219.0
123.4458844748397 219.0
122.75451357968059 220.0
121.62133301219825 220.0
120.48295142310639 220.0
119.34050621686094 220.0
118.1933817134581 220.0
117.041213083641 220.0
116.66608100188716 219.0
115.5180844563449 219.0
115.0 218.73747505311803
114.59355141641471 218.0
114.01997893063037 218.0
113.68923601818724 217.0
113.11940335706915 217.0
112.80387868009551 216.0
112.23712079975768 216.0
111.93870658413864 215.0
110.80876557352944 215.0
110.24126659883922 215.0
109.96850739307546 214.0
109.40261220442243 214.0
109.0 213.47308326251283
108.58422050802243 213.0
107.45206659887383 213.0
107.0 212.65209074798207
106.65606113355986 212.0
105.51827492595922 212.0
104.37027037054753 212.0
104.0 211.45529054145447
103.60041158602581 211.0
102.44390239478972 211.0
101.27732105057038 211.0
99.83852733357273 213.0
98.79937387317447 214.0
97.74178734765651 215.0
96.48272236267667 215.0
96.0 214.67087965662054
96.62016803417613 212.0
96.00022076478061 212.0
95.86246480421444 211.0
94.74974010461428 212.0
94.11909315481813 212.0
92.97313325138994 213.0
91.67573150362279 213.0
90.48628399558557 214.0
90.0 213.6655225603984
89.69485208869041 213.0
88.46809124717466 214.0
87.09920896927305 214.0
86.40689235505207 214.0
85.00822153250608 214.0
83.58751957910303 214.0
82.14396674994873 214.0
80.6784206727315 214.0
79.18778346955536 214.0
79.0 213.16552395493312
78.3604663429608 213.0
76.83750767431528 213.0
76.06635156216764 213.0
74.50145963807891 213.0
74.0 212.60779152210267
73.66299900349402 212.0
72.05777230182463 212.0
71.24421468298343 212.0
71.0 211.27439363289466
70.39710386881075 211.0
68.73251312109909 211.0
68.0 210.8654123588447
67.87987890458815 210.0
67.02737127353967 210.0
66.16554749296091 210.0
64.4110504168238 211.0
62.616882249745416 211.0
60.7791119767704 211.0
60.0 210.83453315690073
59.85010528604616 210.0
58.905462877591695 210.0
57.948582570327204 210.0
57.0 209.98067420801735
57.0 209.00036680157055
56.020230997454995 209.0
56.0 208.05180746287502
55.060885867377245 208.0
55.0 207.10121507464376
54.100609634211814 207.0
54.0 206.148171099872
53.14055603615334 206.0
52.10751659357986 206.0
52.0 205.16013071293122
51.13081842966217 205.0
51.0 204.1882425170931
50.15144582248927 204.0
49.071310219919646 204.0
49.0 203.1414533513771
48.072059939064786 203.0
48.0 202.14877460417833
47.06686498649573 202.0
47.0 201.15094430327224
46.05481179376065 201.0
46.0 200.1475741898621
45.03609832961633 200.0
45.0 199.13926254447216
44.00862572044469 199.0
44.0 198.12481076860743
44.0 197.25257176716593
43.14616774068587 197.0
43.0 196.23789660229082
42.11061834199703 196.0
42.0 195.21621579576583
41.0627683869602 195.0
41.0 194.18723717235747
40.00130576973711 194.0
40.0 193.15074677033928
40.0 192.30808806855686
39.167802631671684 192.0
39.0 191.26781143425964
39.0 190.43621622807652
38.36032381233261 190.0
38.0 189.39206734921993
37.27280513863139 189.0
37.0 188.33743253593548
37.0 187.52014397393944
36.483706267869685 187.0
36.0 186.45948822360396
36.0 185.6514089999029
35.719059964136285 185.0
35.0 184.58385411699308
35.0 183.78349320953407
34.97726891863184 183.0
34.0 182.70746963570372
34.0 181.1266239095289
33.0 180.8298005752614
33.0 179.26254401221212
33.0 178.48578345813664
32.37055318392518 178.0
32.0 177.39402161158566
32.0 176.62270396485593
31.666440425572066 176.0
31.0 175.51889673848257
31.0 174.75264397815172
30.978609433462108 174.0
30.0 173.63612879838485
30.0 172.8743585649817
30.0 171.36312466432327
30.0 170.61258772002722
29.634097969885108 170.0
29.0 169.48233011934795
29.0 167.99177147412126
29.0 167.25067482202977
29.0 166.5137524298542
29.0 165.04779790776198
28.0 164.63062645983706
28.0 163.89849682037075
28.0 162.44147971670358
28.0 161.71735612909123
28.0 160.27577745190496
28.0 158.8450890802538
28.0 158.1328090165111
27.0 157.66653731581368
27.0 156.9518038824002
27.0 155.52972833635357
27.0 154.11450876336687
27.0 153.41080024993002
27.0 152.70752866384768
27.0 152.00734386859523
28.0 151.12322599927688
28.0 149.74275470410984
28.0 148.36846189773325
28.0 146.9990141020346
28.0 145.63508211817398
28.0 144.95435893585346
28.0 144.27534570057082
29.0 143.48348000745537
29.0 142.8122539117646
29.0 141.47263817684106
29.0 140.80414329747643
29.0 140.1371575455142
29.0 139.4696834381602
30.0 138.73440114447098
30.0 138.07507335463362
22.0 137.8689606378686
22.0 137.15991454145157
22.0 136.4511976652609
23.0 135.70593943511534
23.0 135.0040669730967
23.0 134.3032732602593
24.0 133.58379911068772
24.0 132.88867836695482
24.0 132.19454283132188
25.0 131.5004425048828
26.0 130.81893096720447
26.0 130.1364430598088
27.0 129.4736453967496
27.0 128.79818432429187
27.0 128.12209636326511
28.0 127.4835343475979
29.0 126.85732957826485
29.0 126.19267718652168
17.0 124.8488972569778
15.0 123.98212057569432
15.0 123.22771913112443
14.0 122.39763460282653
13.0 121.55395421633952
12.0 120.69661963738004
11.0 119.82628374409863
11.0 119.04267294404578
11.0 118.25826853992338
10.0 117.35940936474445
10.0 116.56648368566653
23.0 117.41444680584765
22.0 116.56953583374342
21.0 115.71046161435639
21.0 114.98273517035788
21.0 114.2540097537912
21.0 113.5237713397468
20.0 112.62716843875826
20.0 111.88735935501542
19.0 110.96812942739354
19.0 110.21889896317765
19.0 109.4674990559095
19.0 108.7146907122134
19.0 107.95959026392056
19.0 107.20259017807379
19.0 106.44401628947043
19.0 105.68298726489087
19.0 104.91989254504583
19.0 104.15464311651503
19.0 103.38718595160202
19.0 102.61745856039099
19.0 101.84502421436956
19.0 101.07019556290174
19.0 100.2929499937406
19.0 99.51278493209928
19.0 98.73004787352345
19.0 97.9446705681076
19.0 97.15621941295085
20.0 96.6688205731246
20.0 95.88126422160386
20.0 95.0908011373161
21.0 94.62193775402689
21.505892968839603 94.0
22.0 93.37730048504746
23.0 92.93379474044507
23.0 92.14752202398194
22.0 90.99800195810798
20.0 89.46345322249637
18.0 87.89652843790681
17.0 86.67841706074773
16.0 85.44215458117208
11.0 82.60319372250946
11.0 81.70339061244488
10.0 80.38848849228148
10.0 79.4720326265207
10.0 78.55078410303527
10.0 77.6245953772314
10.696903377961288 77.0
14.0 77.54766460700223
14.0 76.63617620908285
14.0 75.71946787292572
14.0 74.79746945860819
14.271968957609543 74.0
15.0 73.42287147050698
15.0 72.49180415296935
15.0 71.55489728033957
15.761235870580569 71.0
16.0 70.18075777578883
16.0 69.23381419829882
17.0 68.81407248372344
17.0 67.86235552595198
17.17412090102152 67.0
18.0 66.49751013908693
18.822481785308593 66.0
19.0 65.13873377608265
19.0 64.16986844917291
20.0 63.785306422081234
20.31546698172628 63.0
21.925131306963124 63.0
22.0 62.07335303582654
23.44846715888036 62.0
24.0 61.37503458692922
24.936745815336394 61.0
26.43501950933906 61.0
27.90455738412469 61.0
29.34650729388023 61.0
30.761711668641674 61.0
32.151063460334676 61.0
34.947479018727535 62.0
36.26816024523725 62.0
37.0 61.594293595111274
37.46434692733833 61.0
38.73563536031772 61.0
39.98524268068388 61.0
40.0 60.08249042872605
41.11647776720493 60.0
42.322205765077925 60.0
43.50846390162388 60.0
44.6759366846845 60.0
45.82513782008923 60.0
46.0 59.21874503026703
46.86204116943837 59.0
47.0 58.183289560176476
47.0 57.24253370638764
47.0 56.29170702678161
47.76894018895019 56.0
48.0 55.24054596991165
48.0 54.26921564780971
48.78866866256332 54.0
49.0 53.209121142397066
49.0 52.215708465151074
49.84047543594616 52.0
50.0 51.144709698396994
50.0 50.127561695799976
50.92493920365985 50.0
51.0 49.043263476587285
51.999456496737714 49.0
52.042227240661255 48.0
53.0 47.926040880846976
53.12643869486935 47.0
54.0 46.848994516064295
54.20958861469361 46.0
55.214663995506875 46.0
56.0 45.77281169269437
56.285901757938994 45.0
57.26811812212089 45.0
58.23945807543839 45.0
59.2000631981754 45.0
60.15027833817361 45.0
61.09023905049576 45.0
62.02025941171726 45.0
62.94046435788947 45.0
63.85117922446273 45.0
64.75260317245939 45.0
65.64504802290374 45.0
66.52848921334412 45.0
67.40322247795982 45.0
68.2696664403312 45.0
69.1275276731957 45.0
69.97746052544588 45.0
71.55569228856824 46.0
72.380145039478 46.0
73.914339444234 47.0
75.42203548102329 48.0
76.90385368777719 49.0
92.13704663903471 70.0
92.70448304411595 70.0
93.26668701458149 70.0
93.82441827026078 70.0
94.37782263487844 70.0
94.92624072160581 70.0
95.47077497127303 70.0
96.0104593075351 70.0
96.54614520860015 70.0
97.68627316600582 71.0
98.20509161203657 71.0
98.7201053314962 71.0
99.2314847057878 71.0
99.73873535806787 71.0
100.24245518313153 71.0
100.74301918528202 71.0
101.23971567157335 71.0
101.73297243610169 71.0
102.75633862626498 72.0
103.23490640904036 72.0
103.71060813781676 72.0
104.18309299447444 72.0
104.65240428996113 72.0
105.11876943213832 72.0
105.58232701875318 72.0
106.04300420024573 72.0
106.50104369558801 72.0
106.95656472705738 72.0
107.40872002649277 72.0
107.85930776570558 72.0
108.0 71.30356021719297
108.31873324596587 71.0
108.76947193841775 71.0
109.21713083049545 71.0
109.66234346096246 71.0
110.1052282491564 71.0
110.54588073763962 71.0
110.98505034527714 71.0
111.03969518544118 70.0
111.4816251153591 70.0
111.92051479464092 70.0
112.3587560358203 70.0
112.79407403112218 70.0
113.22721074393202 70.0
113.65904443603453 70.0
114.0 69.73241927338131
114.19230524081506 69.0
114.62562077810392 69.0
115.0568789004812 69.0
115.48683788968086 69.0
115.91557138295849 69.0
116.34150119438794 69.0
116.76703521336199 69.0
117.19058463837267 69.0
117.6121267670072 69.0
118.03336631662144 69.0
118.45266901699493 69.0
118.87004855063928 69.0
119.28711999364515 69.0
119.70224360233212 69.0
120.11636908397254 69.0
120.5293399245321 69.0
120.9413294956733 69.0
121.3514634939965 69.0
121.76135586125285 69.0
122.16941218485974 69.0
122.57725595409526 69.0
122.98335492289654 69.0
123.38924951612132 69.0
123.79408420535859 69.0
124.19800498905946 69.0
124.60101663870914 69.0
125.00298608100384 69.0
125.40405852570457 69.0
125.80498434613251 69.0
126.33768871563458 70.0
126.73034009717603 70.0
127.12293903135472 70.0
127.5146157904963 70.0
127.90538162351454 70.0
128.2961077702191 70.0
128.68592405381335 70.0
129.07566914134583 70.0
129.4653465589873 70.0
129.85416963391125 70.0
130.31134661384363 71.0
130.6937493558726 71.0
131.07531662309415 71.0
131.45602096401598 71.0
131.83753413123506 71.0
132.25506182155024 72.0
132.6302362793509 72.0
133.00373529398854 72.0
133.3789095024123 72.0
133.7523794753807 72.0
134.13213881904076 73.0
134.49932972120254 73.0
134.86651835955774 73.0
135.23539379513375 73.0
135.60257444519 73.0
135.96976662554792 73.0
136.30724311704716 74.0
136.66816159516597 74.0
137.03078885620667 74.0
137.3917084754328 74.0
137.75433082527366 74.0
137.92824009030022 77.0
138.2027257571957 78.0
138.5418655889173 78.0
138.87922902487037 78.0
139.21834179053567 78.0
139.55741002395123 78.0
139.89646807860322 78.0
140.23546649241342 78.0
140.5762055970123 78.0
140.91693626989297 78.0
141.2576409061672 78.0
141.60005011182096 78.0
141.94249955877368 78.0
139.0832418564384 100.0
139.2860946036783 100.0
139.4886286158318 100.0
139.6927430453175 100.0
139.8964168059561 100.0
140.0 100.56048184222732
140.12013497815522 101.0
140.31797298888108 101.0
140.51729267712486 101.0
140.71606032695567 101.0
140.91638019085127 101.0
141.0 101.53521943384067
141.09384068020202 102.0
141.28786494723906 102.0
141.48323599658482 102.0
141.68017862413612 102.0
141.87631153861895 102.0
142.0 102.28787002371553
142.00945328145113 103.0
142.2009869079577 103.0
142.39378022690346 103.0
142.58585584675217 103.0
142.77923456300203 103.0
142.97390859405087 103.0
143.0 103.55831618982285
143.0 104.17333063856631
143.0 104.77195702576859
143.11125026287831 105.0
143.29400208743056 105.0
143.48015448657463 105.0
143.66524933088968 105.0
143.85361869348307 105.0
144.0 105.11390485591284
144.0 105.62526496472395
144.0 106.11993398878934
144.0 106.59290927913423
144.0 107.05696729617131
144.0 107.5061363102414
144.0 107.93642566774918
144.0 108.35909707227529
144.0 108.76889693645035
144.0 109.16138611061444
144.0 109.54777787033743
144.0 109.91767768281989
144.0 110.281899750729
144.0 110.6360052534821
144.0 110.979814094186
144.0 111.30941484567768
144.0 111.63450066408222
144.0 111.95052296559288
144.0 112.26263298875278
144.0 112.56160544862303
144.0 112.85703894116926
144.0 113.13999172428413
144.0 113.4197547930367
144.0 113.69215084210475
144.0 113.96126799102166
144.0 114.21915744548062
144.0 114.47432455609771
144.0 114.7228125151083
144.0 114.96472269251188
144.0 115.20422232670776
144.0 115.43735796633385
144.0 115.6643459456186
144.0 115.88921990767201
144.0 116.10452925522299
144.0 116.32146470993223
144.0 116.52906771072264
144.0 116.73497451426391
144.0 116.93886095589033
144.0909207908366 117.0
144.22188715372553 117.0
144.35515239554738 117.0
144.48851281035252 117.0
144.6220208468862 117.0
144.75787411994818 117.0
144.8961264729921 117.0
145.0 117.04738846243839
145.0 117.23790287358466
145.0 117.42350237185295
145.0 117.60739701188777
145.0 117.78656166509609
145.0 117.96408106981752
145.10766307549883 118.0
145.2454826004459 118.0
145.38558770302768 118.0
145.5256712818273 118.0
145.6680345815879 118.0
145.81270408650838 118.0
145.9573643319435 118.0
146.0 118.12138630640717
146.0 118.28872190128504
146.0 118.45438194761198
146.0 118.61849147826436
146.0 118.78108512760213
146.0 118.94205327639284
146.09167939153056 119.0
146.23872477283808 119.0
146.38576233963934 119.0
146.53739402151172 119.0
146.68900124248552 119.0
146.84302296179106 119.0
146.99932751026606 119.0
147.15787249009017 119.0
147.31897765172928 119.0
147.4801850860837 119.0
147.64608079693116 119.0
147.8099405743705 119.0
147.9806481945716 119.0
148.149641302966 119.0
148.32547373538887 119.0
148.49958304296143 119.0
148.67629295106192 119.0
148.86019327653264 119.0
149.04211644561252 119.0
149.22733232278864 119.0
149.4193907555631 119.0
149.61023732823108 119.0
149.80375167928713 119.0
150.00033088611266 119.0
150.20452071062473 119.0
150.40723491093772 119.0
150.61348992344446 119.0
150.82743138955462 119.0
151.04006948971602 119.0
151.25592145046184 119.0
151.48040370258192 119.0
151.70330192114596 119.0
151.93525968610948 119.0
152.16579300115419 119.0
152.4055359166146 119.0
152.64844260257794 119.0
152.89173193014406 119.0
153.14365526759082 119.0
153.39978682045535 119.0
153.66024093540045 119.0
153.92593064506863 119.0
154.19610418396354 119.0
154.47090382002742 119.0
154.75573689327035 119.0
155.0418907526315 119.0
155.33745509178775 119.0
155.63461159885446 119.0
155.94240608064214 119.0
156.25558205404195 119.0
156.57625109567192 119.0
156.90269808299558 119.0
157.2360718827018 119.0
157.58092400243237 119.0
157.92878315400128 119.0
158.2896387578582 119.0
158.65731165871114 119.0
159.03416929718415 119.0
159.4194186337965 119.0
159.8145062801909 119.0
162.27514109290425 118.0
162.7273459454956 118.0
163.19025396473862 118.0
163.6642543347531 118.0
164.15097538525254 118.0
164.6509472977476 118.0
165.16466924478993 118.0
165.69693069786308 118.0
166.2429878322462 118.0
166.80463359004005 118.0
167.38268318575524 118.0
170.4618755643784 117.0
171.12064688577942 117.0
171.8061881242206 117.0
217.07528546987638 100.0
218.0 100.24684323129964
218.0 100.8442217857847
218.0 101.43762870715078
218.0 102.02891268930775
218.0 102.61719843461142
217.0 103.54291315405088
217.0 104.11962432640541
217.0 104.69374289920862
217.0 105.26569072684175
217.0 105.83490458278186
216.0 106.70705137374796
216.0 107.26533487046616
216.0 107.82179057996274
215.0 108.65940115727409
215.0 109.20536362970452
215.0 109.74876416783917
215.0 110.29045301307298
215.0 110.83105905941372
214.0 111.61933472779853
214.0 112.14917759799773
214.0 112.67738191209457
214.0 113.20397832506909
214.0 113.72901798289922
214.0 114.25310641985243
214.0 114.77501285053091
213.0 115.49992218887255
213.0 116.01357462134129
213.0 116.52460192839996
213.0 117.0354582884159
213.0 117.54475489100804
213.0 118.05292187650045
213.0 118.56025772727128
213.0 119.06631587827185
213.0 119.57153212663523
213.0 120.07550611021281
213.0 120.5789550840019
213.0 121.08122262037824
213.0 121.58234325726924
213.0 122.08337305965046
213.0 122.58328897885153
213.0 123.08242003112234
213.0 123.58088425174503
213.0 124.07927809728338
213.0 124.57690693202079
213.0 125.07328920432418
213.0 125.56961686756745
213.94868353107648 126.0
214.0 126.49808028168377
214.0 126.99932018074348
214.0 127.4998354573631
214.0 128.00098440724037
214.0 128.50117220212383
214.0425501596931 129.0
215.0 129.47625047411339
215.0 129.98255849802976
215.0 130.48810403475449
215.0 130.99360804729955
