167.0 115.93
169.0 119.64
170.0 123.47
171.0 127.52
172.0 131.83
172.0 136.06
173.0 140.97
174.0 146.31
174.0 163.38
173.0 169.31
172.0 175.86
171.0 183.21
170.0 191.64
168.0 199.95
165.55 209.0
162.0 217.69
154.27 218.0
143.53 208.0
136.0 204.03
130.72 208.0
123.81 202.0
118.01 200.0
112.5 202.0
106.37 210.0
101.57 199.0
94.473 207.0
91.318 195.0
82.445 205.0
87.754 175.0
80.339 171.0
77.0 168.44
74.0 165.49
70.723 163.0
67.895 160.0
65.112 157.0
63.0 153.45
61.0 149.92
59.0 146.45
58.0 142.46
56.0 139.09
55.0 135.27
55.0 131.18
53.0 123.85
53.0 112.5
54.0 108.82
54.0 101.34
55.0 97.737
55.0 93.817
57.0 86.384
58.0 82.538
57.0 77.279
56.0 71.45
56.0 59.443
57.0 53.399
58.0 46.621
60.0 40.24
63.317 35.0
55.051 8.0
64.267 10.0
75.877 20.0
82.0 18.631
87.723 16.0
93.901 15.0
106.37 15.0
112.5 16.0
118.45 18.0
124.06 21.0
130.72 17.0
138.56 11.0
146.45 8.0
142.39 37.0
145.2 43.0
148.0 47.926
149.0 54.985
150.0 60.886
150.0 67.17
149.0 73.631
148.0 79.163
148.0 83.132
149.0 85.981
151.11 88.0
153.43 90.0
155.0 92.501
157.0 94.881
158.0 97.716
160.0 100.3
162.0 103.06
163.0 106.12
165.0 109.2
166.0 112.5
