66.0 33.5
67.0 35.10433232764678
68.0 36.84774239205282
70.0 38.93664071844897
72.0 41.331027194059686
75.0 44.38479659392037
76.0 47.1594938462942
78.0 50.675603691632055
79.0 54.11576875879226
73.80286565507541 54.0
64.210221684105 50.0
55.40111157317368 45.0
54.81129237555767 46.0
51.840865881499475 46.0
51.0 46.5756211314864
50.067419605777005 47.0
50.0 48.961654895671
51.0 53.68862243946812
50.0 54.96844130338543
49.0 56.58246039225827
47.53378367310205 57.0
46.0 57.08964697216422
44.59506238540384 58.0
43.10439384280056 59.0
41.50006463484886 60.0
39.895732522206735 59.0
38.15231960691307 60.0
36.254186751845275 61.0
34.695992433594945 60.0
33.21458619204944 59.0
31.79977366323838 58.0
29.500628311723844 59.0
25.317270512601034 59.0
22.97320161069037 59.0
21.0 58.280323711594484
18.493008997479564 58.0
16.47515656661774 57.0
14.302304604680211 56.0
13.0 54.20654628967208
12.0 52.221370717079715
11.0 50.26762321771108
10.0 48.32286590007879
9.0 46.36775754385062
9.0 44.059951231837616
8.0 42.10143380255607
8.0 39.89052710859115
9.0 37.60578929486314
9.0 35.5448019880787
8.0 33.50007057011135
4.0 31.140803165098852
7.0 29.141726277442974
6.0 26.7281081270732
6.0 21.965456863226045
3.0 18.256899879180704
4.310315954376788 16.0
6.0 13.983856052009333
7.621190668479753 12.0
11.907587211985422 12.0
14.301996532031996 11.0
15.409978948940703 9.0
17.55374284576111 8.0
19.577137729702855 7.0
22.973026006529313 8.0
29.759447023376126 15.0
31.87919424890363 16.0
33.0 15.436707405010736
34.175248318902895 15.0
36.74993140380813 15.0
39.16279288912923 15.0
40.398900602495445 16.0
41.499925615193206 16.0
42.53803863013171 17.0
42.700129958910836 24.0
43.12139922760782 25.0
43.68246248138521 25.0
44.0 25.805616405178995
44.0 28.187328459628816
44.0 29.560798696633725
44.042774196534005 30.0
44.78652976559029 30.0
45.227077919390226 30.0
46.31732026041203 30.0
47.86640393919177 30.0
48.937880051066934 30.0
50.340034981074744 30.0
67.0 25.214371936789863
66.0 27.20934782276544
65.0 29.016998809162626
65.0 30.53112457322151
65.0 32.02138095490991
