88.0 52.85930701438619
87.0 55.11103948816879
85.0 57.081189421866696
85.0 61.70982536817111
93.0 67.3269140360161
94.0 70.96951905284982
93.2463391438253 74.0
93.0 77.47128973711418
91.0 79.92499309972924
88.57692372704749 82.0
68.0 66.93341880764085
67.87259663172789 69.0
67.0 70.44510948600202
74.11266971056035 83.0
66.0482479719637 75.0
64.0 75.0566475700507
62.969888821954264 77.0
65.74328888662652 89.0
59.43523033955663 78.0
57.81769754927305 79.0
56.12747043074821 80.0
54.22669436834474 80.0
52.544823570660014 83.0
50.500083635579756 86.0
48.07786315259853 89.0
45.38373156763909 91.0
42.583569256917706 92.0
39.587920240901646 93.0
36.36606371324993 94.0
33.67310923874569 93.0
31.442194027121428 91.0
30.0 87.78958839614023
30.0 75.2803061855927
30.31011793203909 72.0
29.0 70.68996072403836
28.0 69.11360018431681
26.413577306419455 68.0
25.0 66.68290424546014
24.12457538644457 65.0
23.936311706012 63.0
23.0 61.38811416937432
22.0 59.7602261962931
22.0 57.8175204733601
21.668046311434033 56.0
18.0 54.605791250081325
14.0 52.79646422436118
12.0 50.50007333371468
9.0 47.889114071391965
7.0 45.00482183821049
6.0 42.01128986206533
6.0 39.074487683772176
8.0 36.691033376967624
11.351099942479372 35.0
14.0 33.324557880926776
18.66740508103807 33.0
21.348476685997166 32.0
25.03675506037303 32.0
26.928387830694152 31.0
27.0 28.432175185397817
28.0 26.54010523300874
29.404412386300876 25.0
29.0 20.90801978925176
26.70158875550792 13.0
34.282081036336386 21.0
36.14766997391377 20.0
36.0 13.87758247882158
36.69074594096467 8.0
42.925631739056314 21.0
45.06323820437447 22.0
46.89945113503554 22.0
48.83263027464838 24.0
50.49989233400993 25.0
51.978413622941076 27.0
53.342364059343105 28.0
54.41046959560147 30.0
55.506579086155305 31.0
56.18599053757 33.0
57.42875373478615 33.0
58.264307606440404 34.0
59.7020338951161 36.0
61.0 36.04770571693666
61.66805957695871 37.0
63.17706803992642 37.0
65.94078587248625 36.0
71.6537402382144 33.0
77.33921874448711 31.0
82.0 30.509346960311916
85.0 31.533244150191116
87.0 33.32418633005886
88.0 35.65252547208656
