146.0 44.0
134.0 46.0
127.0 48.0
122.0 50.0
118.0 52.0
115.0 54.0
113.0 56.0
110.0 58.0
108.0 60.0
106.0 62.0
105.0 64.0
103.0 66.0
101.0 70.0
100.0 72.0
99.0 74.0
98.0 76.0
98.0 78.0
97.0 80.0
97.0 84.0
97.0 88.0
97.0 92.0
97.0 94.0
98.0 96.0
98.0 100.0
99.0 102.0
100.0 104.0
101.0 106.0
101.0 108.0
102.0 110.0
104.0 112.0
104.0 114.0
106.0 116.0
107.0 118.0
108.0 120.0
109.0 122.0
111.0 124.0
112.0 126.0
114.0 128.0
116.0 130.0
117.0 132.0
117.0 134.0
114.0 136.0
110.0 138.0
104.0 142.0
98.0 146.0
95.0 148.0
93.0 150.0
91.0 152.0
89.0 154.0
87.0 156.0
85.0 158.0
84.0 160.0
82.0 162.0
81.0 164.0
79.0 166.0
78.0 168.0
77.0 170.0
76.0 172.0
75.0 174.0
75.0 176.0
74.0 178.0
73.0 180.0
73.0 182.0
72.0 184.0
72.0 186.0
71.0 188.0
71.0 192.0
70.0 198.0
72.0 183.0
74.0 177.0
76.0 172.0
78.0 168.0
82.0 162.0
84.0 160.0
86.0 157.0
88.0 155.0
90.0 153.0
92.0 151.0
94.0 149.0
96.0 87.0
98.0 76.0
100.0 71.0
102.0 68.0
106.0 62.0
108.0 60.0
110.0 58.0
112.0 57.0
114.0 55.0
116.0 54.0
118.0 52.0
120.0 51.0
122.0 50.0
124.0 49.0
126.0 49.0
128.0 48.0
130.0 47.0
132.0 47.0
134.0 46.0
138.0 46.0
140.0 45.0
144.0 45.0
148.0 45.0
150.0 45.0
152.0 44.0
154.0 45.0
158.0 45.0
162.0 45.0
166.0 45.0
168.0 46.0
170.0 46.0
172.0 47.0
174.0 47.0
176.0 48.0
178.0 48.0
180.0 49.0
182.0 50.0
184.0 51.0
186.0 52.0
188.0 53.0
190.0 54.0
192.0 56.0
194.0 58.0
196.0 60.0
198.0 62.0
200.0 64.0
204.0 70.0
206.0 74.0
208.0 80.0
210.0 156.0
214.0 156.0
216.0 156.0
218.0 157.0
160.0 44.0
172.0 46.0
179.0 48.0
184.0 50.0
187.0 52.0
191.0 54.0
193.0 56.0
196.0 58.0
198.0 60.0
199.0 62.0
201.0 64.0
202.0 66.0
204.0 68.0
205.0 70.0
206.0 72.0
207.0 74.0
208.0 76.0
208.0 78.0
209.0 80.0
209.0 84.0
210.0 86.0
210.0 90.0
210.0 92.0
209.0 94.0
209.0 98.0
208.0 100.0
208.0 102.0
207.0 104.0
206.0 106.0
206.0 108.0
204.0 110.0
203.0 112.0
202.0 114.0
201.0 116.0
199.0 118.0
197.0 120.0
195.0 122.0
193.0 124.0
190.0 126.0
188.0 128.0
185.0 130.0
183.0 132.0
177.0 136.0
174.0 138.0
172.0 140.0
174.0 142.0
175.0 144.0
177.0 146.0
179.0 148.0
180.0 150.0
181.0 152.0
183.0 154.0
217.0 156.0
226.0 158.0
234.0 160.0
243.0 162.0
245.0 164.0
244.0 166.0
244.0 168.0
243.0 170.0
242.0 172.0
242.0 174.0
241.0 176.0
240.0 178.0
240.0 180.0
239.0 182.0
238.0 184.0
238.0 186.0
237.0 188.0
236.0 190.0
235.0 192.0
70.0 198.0
72.0 211.0
74.0 217.0
76.0 222.0
80.0 228.0
84.0 234.0
86.0 236.0
88.0 238.0
90.0 239.0
92.0 241.0
94.0 243.0
96.0 244.0
98.0 246.0
100.0 247.0
102.0 248.0
104.0 249.0
106.0 250.0
108.0 250.0
110.0 251.0
112.0 252.0
114.0 253.0
116.0 253.0
118.0 254.0
122.0 254.0
124.0 255.0
128.0 255.0
130.0 256.0
134.0 256.0
138.0 256.0
142.0 256.0
146.0 256.0
148.0 256.0
150.0 256.0
152.0 256.0
154.0 256.0
156.0 256.0
158.0 255.0
160.0 255.0
162.0 255.0
164.0 254.0
166.0 254.0
168.0 253.0
170.0 253.0
172.0 252.0
174.0 252.0
176.0 251.0
178.0 250.0
180.0 249.0
182.0 248.0
184.0 247.0
186.0 246.0
188.0 245.0
190.0 244.0
192.0 242.0
194.0 241.0
196.0 239.0
198.0 238.0
200.0 236.0
202.0 234.0
204.0 236.0
206.0 237.0
208.0 239.0
210.0 240.0
212.0 242.0
214.0 244.0
216.0 245.0
218.0 247.0
