306.15 276.0
305.0 281.94
307.0 275.23
305.0 282.99
307.0 274.17
304.88 284.0
307.0 273.12
304.0 284.77
308.0 272.4
304.0 285.82
308.0 271.35
304.0 286.87
309.0 270.62
304.0 287.92
309.0 269.57
304.0 288.97
309.0 268.52
304.0 290.02
310.0 267.79
303.77 291.0
310.0 266.74
303.0 291.8
310.97 266.0
303.0 292.85
311.28 264.0
303.0 294.96
312.0 263.18
303.0 296.01
312.0 262.13
303.0 297.06
313.0 261.4
303.0 298.11
313.0 260.35
303.0 299.16
314.0 259.63
303.0 300.21
314.0 258.57
303.0 301.26
315.0 257.85
303.0 302.32
315.63 257.0
303.0 303.37
316.0 256.07
303.0 304.42
316.0 255.02
303.0 305.47
317.0 254.29
303.0 306.52
317.0 253.24
303.0 307.57
318.0 252.51
303.0 308.62
319.0 251.79
303.0 309.68
319.0 250.74
303.0 310.73
319.97 250.0
303.0 311.78
320.13 249.0
303.0 312.83
321.0 248.23
303.0 313.88
321.0 247.18
303.0 314.93
322.0 246.45
303.0 315.99
323.0 245.73
303.0 317.04
324.0 245.0
303.0 318.09
324.0 243.95
303.0 319.14
324.32 243.0
303.0 320.19
325.0 242.17
303.0 321.24
326.0 241.44
303.0 322.29
327.0 240.72
303.0 323.35
327.0 239.67
303.0 324.4
328.0 238.94
303.0 325.45
328.34 238.0
303.0 326.5
329.0 237.16
303.0 327.55
329.0 236.11
303.0 328.6
330.0 235.38
303.0 329.65
304.0 290.77
303.0 317.23
304.0 289.53
303.0 318.47
304.0 288.29
303.0 319.7
304.0 287.06
303.0 320.94
304.0 285.82
303.0 322.18
304.0 284.58
303.0 323.41
304.9 284.0
303.0 324.65
305.0 282.84
303.0 325.88
305.0 281.6
303.0 327.12
305.0 280.37
303.0 328.36
306.0 279.86
303.0 329.59
306.0 278.62
303.0 330.83
306.0 277.39
303.0 332.07
306.0 276.15
303.0 333.3
307.0 275.64
303.0 334.54
307.0 274.4
303.0 335.77
307.0 273.17
303.0 337.01
308.0 272.66
303.0 338.25
308.0 271.42
303.0 339.48
309.0 270.91
303.0 340.72
309.0 269.68
303.0 341.95
309.0 268.44
303.0 343.19
310.0 267.93
303.0 344.43
310.0 266.69
303.0 345.66
310.74 266.0
303.0 346.9
311.0 264.95
303.0 348.13
311.39 264.0
303.0 349.37
312.0 263.2
303.0 350.61
312.04 262.0
303.0 351.84
313.0 261.46
303.0 353.08
313.0 260.22
303.0 354.31
314.0 259.71
303.0 355.55
314.0 258.48
303.0 356.79
315.0 257.97
303.0 358.02
315.37 257.0
303.0 359.26
316.0 256.22
303.0 360.49
316.02 255.0
303.0 361.73
317.0 254.48
303.0 362.97
317.0 253.24
303.0 364.2
303.0 329.59
303.0 326.19
328.0 398.02
303.0 324.48
328.0 399.73
303.0 322.78
327.69 401.0
303.0 321.08
327.0 401.75
303.0 319.38
327.0 403.45
303.0 317.68
326.89 405.0
303.0 315.98
326.0 405.48
303.0 314.28
325.14 406.0
303.0 312.58
325.0 407.51
303.0 310.87
324.12 408.0
303.0 309.17
323.0 408.16
303.0 307.47
322.38 409.0
303.0 305.77
321.14 409.0
303.0 304.07
321.0 412.21
303.0 300.67
321.0 413.91
303.0 298.97
321.0 415.61
303.0 297.26
321.0 417.31
303.0 295.56
321.0 419.01
303.0 293.86
320.48 420.0
303.0 292.16
320.0 421.04
303.39 291.0
319.46 422.0
304.0 290.13
318.95 423.0
304.0 288.43
317.72 423.0
304.0 286.73
317.0 423.72
304.0 285.03
315.97 424.0
304.49 284.0
315.0 424.36
305.0 283.0
314.23 425.0
305.0 281.3
312.99 425.0
305.29 280.0
312.0 425.34
306.0 279.28
311.24 426.0
306.0 277.57
310.01 426.0
306.09 276.0
309.0 426.31
307.0 275.55
308.26 427.0
307.0 273.85
307.03 427.0
307.62 273.0
305.79 427.0
308.0 271.82
304.55 427.0
308.64 271.0
303.32 427.0
309.0 269.79
302.08 427.0
296.68 427.0
292.15 426.0
297.73 427.0
291.09 426.0
298.78 427.0
289.72 425.0
300.16 428.0
288.67 425.0
301.0 427.36
287.29 424.0
301.93 427.0
285.91 423.0
302.99 427.0
284.54 422.0
304.04 427.0
283.16 421.0
305.09 427.0
281.78 420.0
306.14 427.0
280.41 419.0
307.19 427.0
279.03 418.0
308.24 427.0
277.01 415.0
309.0 426.09
275.3 413.0
310.02 426.0
273.28 410.0
311.07 426.0
274.0 415.46
312.0 425.62
274.0 418.69
312.85 425.0
274.0 421.93
313.9 425.0
273.62 424.0
314.95 425.0
273.0 425.32
315.68 424.0
272.49 427.0
316.73 424.0
271.77 428.0
317.46 423.0
269.99 429.0
319.24 422.0
268.94 429.0
320.0 421.12
268.0 429.35
320.69 420.0
267.16 430.0
321.0 417.72
266.11 430.0
321.0 414.49
265.06 430.0
320.59 410.0
264.0 430.0
321.32 409.0
263.28 431.0
322.37 409.0
262.23 431.0
323.1 408.0
261.18 431.0
324.15 408.0
260.12 431.0
325.0 407.38
259.07 431.0
325.6 406.0
258.02 431.0
326.33 405.0
257.0 431.09
327.0 403.83
256.24 432.0
327.13 401.0
272.41 485.0
328.0 400.43
272.0 486.97
328.0 397.2
271.0 487.13
303.0 317.02
270.23 488.0
303.0 313.78
269.18 488.0
303.0 310.55
268.45 489.0
303.0 307.31
267.73 490.0
303.0 304.07
266.68 490.0
303.0 300.84
265.95 491.0
303.0 297.6
265.0 491.31
303.0 294.37
264.17 492.0
239.5 501.0
241.5 501.0
237.5 502.0
242.5 500.0
236.5 502.0
243.5 500.0
235.5 502.0
244.5 500.0
234.5 503.0
245.5 499.0
233.5 503.0
246.5 499.0
232.5 503.0
247.5 499.0
231.5 503.0
248.5 498.0
230.5 504.0
249.5 498.0
229.5 504.0
250.5 498.0
228.5 504.0
251.5 497.0
227.5 504.0
252.5 497.0
226.5 504.0
253.5 496.0
225.5 505.0
254.5 496.0
224.5 505.0
255.5 496.0
223.5 505.0
256.5 495.0
222.5 505.0
257.5 495.0
221.5 506.0
258.5 494.0
220.5 506.0
259.5 494.0
219.5 506.0
260.5 494.0
218.5 506.0
261.5 493.0
217.5 506.0
262.5 493.0
216.5 507.0
263.5 492.0
215.5 507.0
264.5 492.0
214.5 507.0
265.5 491.0
213.5 507.0
266.5 490.0
212.5 507.0
267.5 490.0
211.5 507.0
268.5 489.0
210.5 508.0
269.5 488.0
209.5 508.0
270.5 488.0
208.5 508.0
271.5 487.0
207.5 508.0
272.5 485.0
206.5 508.0
273.5 424.0
205.5 508.0
274.5 411.0
204.5 508.0
275.5 413.0
203.5 508.0
276.5 414.0
202.5 508.0
277.5 415.0
201.5 508.0
278.5 416.0
200.5 509.0
279.5 418.0
199.5 509.0
280.5 419.0
198.5 509.0
281.5 420.0
197.5 509.0
282.5 420.0
196.5 509.0
283.5 421.0
195.5 509.0
284.5 422.0
194.5 509.0
285.5 423.0
193.5 509.0
286.5 423.0
192.5 509.0
287.5 424.0
191.5 509.0
288.5 425.0
190.5 509.0
155.93 505.0
162.64 507.0
154.88 505.0
163.69 507.0
153.83 505.0
164.74 507.0
153.0 504.3
165.79 507.0
152.05 504.0
166.84 507.0
150.0 503.83
168.62 508.0
149.22 503.0
169.67 508.0
148.17 503.0
170.73 508.0
147.11 503.0
171.78 508.0
146.39 502.0
172.83 508.0
145.34 502.0
173.88 508.0
144.29 502.0
174.93 508.0
143.56 501.0
175.98 508.0
142.51 501.0
176.71 509.0
141.46 501.0
177.76 509.0
140.73 500.0
178.81 509.0
139.68 500.0
179.86 509.0
138.95 499.0
180.91 509.0
137.9 499.0
181.97 509.0
137.0 498.53
183.02 509.0
136.12 498.0
184.07 509.0
135.07 498.0
185.12 509.0
134.34 497.0
186.17 509.0
133.29 497.0
187.22 509.0
132.57 496.0
188.28 509.0
131.51 496.0
189.33 509.0
130.79 495.0
190.38 509.0
129.74 495.0
191.43 509.0
129.0 494.03
192.48 509.0
128.0 493.87
193.53 509.0
127.23 493.0
194.58 509.0
126.18 493.0
195.64 509.0
125.45 492.0
196.69 509.0
124.73 491.0
197.74 509.0
123.68 491.0
198.79 509.0
122.95 490.0
199.84 509.0
122.0 489.69
200.89 509.0
121.17 489.0
202.27 508.0
120.12 489.0
203.32 508.0
119.39 488.0
204.37 508.0
118.67 487.0
205.42 508.0
117.94 486.0
206.47 508.0
117.0 485.66
207.53 508.0
116.16 485.0
208.58 508.0
115.44 484.0
209.63 508.0
114.71 483.0
98.0 452.26
97.895 449.0
99.0 455.99
97.0 448.53
99.0 457.69
97.0 446.83
100.0 458.01
97.0 445.13
100.0 459.71
97.0 443.43
100.3 461.0
97.0 441.73
101.0 461.74
97.0 440.02
101.0 463.44
97.0 438.32
101.83 464.0
97.0 436.62
102.0 465.47
97.0 434.92
102.85 466.0
97.0 433.22
103.0 467.49
98.0 430.14
103.87 468.0
98.0 428.44
104.0 469.52
99.0 425.36
104.89 470.0
99.0 423.66
105.0 471.55
100.0 420.58
105.91 472.0
101.0 417.51
106.42 473.0
102.0 414.43
107.0 473.9
103.0 411.35
107.43 475.0
104.0 408.27
108.0 475.92
107.0 402.44
109.0 476.25
109.0 396.29
110.0 478.27
109.0 394.59
110.71 479.0
110.0 391.51
111.22 480.0
110.0 389.81
112.0 480.63
110.0 388.11
112.96 481.0
110.0 386.4
113.47 482.0
110.0 384.7
114.0 482.98
110.0 383.0
115.0 483.3
111.0 379.92
115.73 484.0
110.43 379.0
116.24 485.0
110.0 377.9
117.0 485.65
110.0 376.2
117.98 486.0
110.0 374.49
118.49 487.0
110.0 372.79
119.0 488.0
109.34 372.0
120.0 488.33
109.0 370.77
120.75 489.0
109.0 369.07
121.98 489.0
109.0 367.36
122.49 490.0
109.0 365.66
123.0 491.0
108.25 365.0
124.24 491.0
108.0 363.64
125.0 491.65
108.0 361.94
125.98 492.0
108.0 360.23
126.49 493.0
108.0 358.53
127.73 493.0
107.15 358.0
128.24 494.0
107.0 356.51
107.0 350.06
107.98 358.0
106.76 349.0
108.0 359.22
106.0 348.31
108.0 360.46
106.0 347.08
108.0 361.69
106.0 345.84
108.0 362.93
106.0 344.6
108.0 364.16
106.0 343.37
108.55 365.0
106.0 342.13
109.0 365.91
106.0 340.9
109.0 367.15
106.0 339.66
109.0 368.38
106.0 338.42
109.0 369.62
105.0 337.92
109.0 370.85
105.0 335.44
110.0 372.6
105.0 334.21
110.0 373.84
105.0 332.97
110.0 375.07
105.0 331.73
110.0 376.31
105.0 330.5
110.0 377.54
105.0 329.26
110.0 378.78
105.0 328.03
111.0 379.29
105.0 326.79
111.0 380.53
105.0 325.55
110.0 382.49
105.0 324.32
110.0 383.73
104.0 323.81
110.0 384.96
104.0 322.57
110.0 386.2
104.0 321.34
110.0 387.43
104.0 320.1
110.0 388.67
104.0 318.86
110.0 389.91
104.0 317.63
110.0 391.14
104.0 316.39
110.0 392.38
104.0 315.16
109.0 394.34
104.0 313.92
109.0 395.58
104.0 312.68
109.0 396.81
104.0 311.45
109.0 398.05
104.0 310.21
108.0 400.01
104.0 308.98
108.0 401.25
104.0 307.74
107.0 403.21
104.0 306.5
106.0 405.17
104.0 305.27
105.0 407.13
104.0 304.03
103.0 411.06
104.0 301.56
102.0 413.02
104.0 300.32
102.0 414.26
104.0 299.09
101.0 416.22
104.0 297.85
101.0 417.46
104.0 296.62
100.0 419.42
104.0 295.38
104.0 319.4
105.0 283.33
104.0 320.45
105.0 282.28
104.0 321.5
105.0 281.22
104.0 322.56
105.0 280.17
104.0 323.61
105.0 279.12
105.0 328.54
106.0 273.54
105.0 329.59
106.0 272.49
105.0 330.64
106.0 271.44
105.0 331.69
106.0 270.38
105.0 332.75
106.0 269.33
105.0 333.8
106.0 268.28
105.0 334.85
106.0 267.23
105.0 335.9
107.0 265.85
105.0 336.95
107.0 264.8
105.01 338.0
107.0 263.75
106.0 338.73
108.0 262.37
106.0 339.78
108.0 261.32
106.0 340.83
108.0 260.27
106.0 341.88
108.0 259.22
106.0 342.94
109.0 257.84
106.0 343.99
109.0 256.79
106.0 345.04
110.0 255.42
106.0 346.09
110.0 254.36
106.0 347.14
110.0 253.31
106.0 348.19
111.0 251.94
106.75 349.0
112.0 250.56
107.0 349.97
112.0 249.51
107.0 351.02
113.0 248.13
107.0 352.07
113.0 247.08
108.0 259.5
110.0 255.5
108.0 260.5
110.0 254.5
108.0 261.5
110.0 253.5
108.0 262.5
111.0 252.5
107.0 263.5
111.0 251.5
107.0 264.5
112.0 250.5
107.0 265.5
112.0 249.5
107.0 266.5
113.0 248.5
106.0 267.5
113.0 247.5
106.0 268.5
113.0 246.5
106.0 269.5
114.0 245.5
106.0 270.5
114.0 244.5
106.0 271.5
115.0 243.5
106.0 272.5
115.0 242.5
106.0 273.5
116.0 241.5
105.0 274.5
116.0 240.5
105.0 275.5
117.0 239.5
105.0 276.5
117.0 238.5
105.0 277.5
118.0 237.5
105.0 278.5
118.0 236.5
105.0 279.5
119.0 235.5
105.0 280.5
119.0 234.5
105.0 281.5
120.0 233.5
105.0 282.5
120.0 232.5
105.0 283.5
121.0 231.5
104.0 284.5
121.0 230.5
104.0 285.5
122.0 229.5
104.0 286.5
122.0 228.5
104.0 287.5
123.0 227.5
104.0 288.5
123.0 226.5
104.0 289.5
124.0 225.5
104.0 290.5
124.0 224.5
104.0 291.5
125.0 223.5
104.0 292.5
125.0 222.5
104.0 293.5
126.0 221.5
104.0 294.5
126.0 220.5
104.0 295.5
127.0 219.5
104.0 296.5
127.0 218.5
104.0 297.5
128.0 217.5
104.0 298.5
128.0 216.5
104.0 299.5
129.0 215.5
104.0 300.5
130.0 214.5
104.0 301.5
130.0 213.5
104.0 302.5
131.0 212.5
104.0 303.5
131.0 211.5
104.0 304.5
132.0 210.5
104.0 305.5
132.0 209.5
104.0 306.5
133.0 208.5
124.0 225.23
128.0 216.01
123.14 226.0
129.0 215.29
123.0 227.01
130.0 214.56
122.82 228.0
130.0 213.51
122.0 228.79
131.0 212.78
122.0 229.84
131.0 211.73
121.0 230.56
131.98 211.0
121.0 231.61
132.0 209.95
120.0 232.34
132.3 209.0
120.0 233.39
133.0 208.18
119.0 234.12
134.0 207.45
119.0 235.17
134.0 206.4
118.32 236.0
135.0 205.67
118.0 236.95
136.0 204.94
118.0 238.0
136.0 203.89
117.0 239.78
137.0 202.12
116.0 240.5
137.0 201.06
116.0 241.56
138.0 200.34
115.0 242.28
139.0 199.61
115.0 243.33
140.0 198.88
114.0 244.06
141.0 196.05
113.0 246.89
142.0 195.33
113.0 247.94
142.0 194.28
113.0 248.99
143.0 193.55
112.0 249.72
144.0 192.82
112.0 250.77
144.7 192.0
111.0 251.5
145.0 191.05
111.0 252.55
145.02 190.0
110.0 253.28
146.0 189.27
110.0 254.33
147.0 188.54
110.0 255.38
148.0 187.81
109.0 256.11
148.73 187.0
109.0 257.16
149.0 186.04
109.0 258.21
150.0 185.31
108.2 259.0
151.0 184.58
108.0 259.99
151.0 183.53
108.0 261.04
152.0 182.81
108.0 262.09
152.76 182.0
107.57 263.0
153.0 181.03
107.0 263.87
154.0 180.3
107.0 264.92
155.0 179.57
107.0 265.97
156.47 179.0
145.0 191.31
147.24 188.0
144.24 192.0
148.0 187.31
143.92 193.0
149.0 186.8
143.0 193.57
149.6 186.0
142.0 194.08
150.0 185.06
142.0 195.31
151.0 184.55
141.24 196.0
151.0 183.31
140.92 197.0
152.0 182.8
140.0 197.57
152.6 182.0
140.0 198.81
153.0 181.06
139.0 199.32
154.0 180.55
138.24 200.0
154.95 180.0
137.92 201.0
155.27 179.0
137.0 201.57
156.97 179.0
137.0 202.81
157.3 178.0
136.0 203.32
158.0 177.27
136.0 204.55
159.0 176.76
134.59 206.0
160.0 175.02
134.0 206.81
161.0 174.51
133.94 208.0
162.0 174.0
133.0 208.55
163.0 173.49
132.0 209.06
164.0 172.98
132.0 210.3
164.35 172.0
131.26 211.0
166.0 171.96
131.0 212.04
166.38 171.0
130.61 213.0
167.0 170.22
130.0 213.79
168.4 170.0
129.96 215.0
169.0 169.2
129.0 215.54
170.43 169.0
128.0 216.04
171.0 168.18
128.0 217.28
172.46 168.0
127.29 218.0
173.0 167.16
127.0 219.03
174.48 167.0
126.64 220.0
176.0 166.87
126.0 220.77
176.51 166.0
125.99 222.0
178.21 166.0
125.0 222.52
179.91 166.0
125.0 223.75
180.24 165.0
124.0 224.26
181.94 165.0
124.0 225.5
183.0 164.54
123.0 226.01
183.96 164.0
123.0 227.24
185.67 164.0
122.34 228.0
187.0 163.73
122.0 228.99
187.69 163.0
121.69 230.0
189.0 162.71
121.0 230.74
189.72 162.0
121.0 231.97
191.42 162.0
173.75 167.0
170.26 169.0
177.97 166.0
169.02 169.0
179.2 166.0
168.51 170.0
180.0 165.4
167.28 170.0
180.95 165.0
166.77 171.0
182.18 165.0
166.0 171.65
183.93 164.0
164.0 172.3
185.17 164.0
163.27 173.0
186.4 164.0
162.76 174.0
187.0 163.12
161.53 174.0
188.15 163.0
161.0 174.97
189.0 162.47
160.0 175.3
189.89 162.0
159.27 176.0
191.13 162.0
158.76 177.0
192.0 161.5
158.0 177.65
192.87 161.0
157.02 178.0
194.0 160.85
156.51 179.0
194.62 160.0
155.27 179.0
195.86 160.0
154.76 180.0
196.37 159.0
154.0 180.65
197.6 159.0
153.02 181.0
198.11 158.0
152.0 183.0
199.86 157.0
151.0 183.33
201.0 156.87
150.98 185.0
201.6 156.0
150.0 185.35
202.84 156.0
149.23 186.0
203.35 155.0
148.72 187.0
204.0 154.2
148.0 187.7
205.09 154.0
147.0 188.03
206.0 153.55
146.47 189.0
206.84 153.0
145.96 190.0
207.35 152.0
145.0 190.38
208.0 151.2
144.94 192.0
209.09 151.0
144.0 192.41
210.0 150.55
143.2 193.0
210.84 150.0
142.69 194.0
211.35 149.0
142.0 194.76
212.0 148.19
141.67 196.0
213.0 147.87
141.0 196.78
213.6 147.0
140.0 197.11
214.11 146.0
140.0 198.81
215.0 145.52
139.0 199.13
215.86 145.0
138.39 200.0
216.37 144.0
137.88 201.0
217.0 143.17
205.87 154.0
203.04 155.0
208.05 151.0
202.31 156.0
209.1 151.0
201.26 156.0
210.0 150.53
200.54 157.0
210.88 150.0
199.49 157.0
211.61 149.0
198.76 158.0
212.33 148.0
198.0 158.9
213.06 147.0
196.98 159.0
214.0 146.66
196.0 159.22
214.84 146.0
195.2 160.0
215.56 145.0
194.15 160.0
216.29 144.0
193.42 161.0
217.02 143.0
192.37 161.0
218.0 142.79
191.65 162.0
218.8 142.0
190.6 162.0
219.52 141.0
189.54 162.0
220.25 140.0
188.82 163.0
221.0 139.08
187.77 163.0
222.0 138.92
187.0 163.88
222.75 138.0
185.99 164.0
223.48 137.0
184.94 164.0
224.21 136.0
183.88 164.0
225.0 135.21
183.0 164.51
225.66 134.0
182.11 165.0
226.39 133.0
181.06 165.0
227.11 132.0
180.0 165.0
228.0 131.5
179.28 166.0
228.57 130.0
178.23 166.0
229.29 129.0
177.17 166.0
230.0 127.94
176.12 166.0
230.74 127.0
175.4 167.0
231.47 126.0
174.35 167.0
232.0 124.39
173.29 167.0
232.92 124.0
172.57 168.0
233.65 123.0
171.52 168.0
234.05 121.0
170.79 169.0
235.0 120.68
169.74 169.0
234.0 114.37
169.0 169.97
234.0 111.13
167.96 170.0
234.0 107.89
167.0 170.28
234.44 106.0
166.18 171.0
235.0 104.5
165.46 172.0
235.0 101.26
164.4 172.0
235.32 99.0
163.68 173.0
236.0 97.869
162.95 174.0
236.0 94.633
161.9 174.0
236.85 94.0
161.0 174.47
237.0 91.238
240.5 82.0
236.5 94.0
242.5 77.0
235.5 99.0
243.5 75.0
234.5 106.0
244.5 73.0
233.5 123.0
245.5 71.0
232.5 124.0
246.5 70.0
231.5 126.0
247.5 68.0
230.5 127.0
248.5 66.0
229.5 129.0
249.5 65.0
228.5 130.0
250.5 64.0
227.5 132.0
251.5 62.0
226.5 133.0
252.5 61.0
225.5 134.0
253.5 60.0
224.5 136.0
254.5 59.0
223.5 137.0
255.5 58.0
222.5 138.0
256.5 57.0
221.5 139.0
257.5 56.0
220.5 140.0
258.5 55.0
219.5 141.0
259.5 54.0
218.5 142.0
260.5 53.0
217.5 143.0
261.5 53.0
216.5 144.0
262.5 52.0
215.5 145.0
263.5 52.0
214.5 146.0
264.5 51.0
213.5 147.0
265.5 50.0
212.5 148.0
266.5 50.0
211.5 149.0
267.5 49.0
210.5 150.0
268.5 49.0
209.5 151.0
269.5 48.0
208.5 151.0
270.5 48.0
207.5 152.0
271.5 47.0
206.5 153.0
272.5 47.0
205.5 154.0
273.5 46.0
204.5 154.0
274.5 45.0
203.5 155.0
275.5 45.0
202.5 156.0
276.5 44.0
201.5 156.0
277.5 43.0
200.5 157.0
278.5 42.0
199.5 157.0
279.5 40.0
198.5 158.0
280.5 38.0
197.5 159.0
281.5 36.0
196.5 159.0
282.5 34.0
195.5 160.0
283.5 31.0
194.5 160.0
284.5 29.0
193.5 161.0
285.5 27.0
192.5 161.0
286.5 25.0
191.5 162.0
287.5 23.0
190.5 162.0
288.5 22.0
313.0 31.29
312.37 30.0
313.0 47.471
311.01 18.0
313.23 50.0
311.0 14.793
314.0 50.865
310.53 13.0
315.01 51.0
310.0 11.399
316.0 51.182
309.4 10.0
316.79 52.0
309.0 8.0042
317.84 52.0
308.0 7.8459
318.89 52.0
307.22 7.0
319.62 53.0
306.5 6.0
320.67 53.0
305.45 6.0
321.72 53.0
304.39 6.0
322.77 53.0
303.34 6.0
323.5 54.0
302.29 6.0
324.55 54.0
300.91 7.0
325.6 54.0
299.54 8.0
326.33 55.0
298.16 9.0
327.38 55.0
296.46 11.0
328.43 55.0
295.08 12.0
329.15 56.0
293.38 14.0
330.21 56.0
291.36 17.0
331.26 56.0
289.33 20.0
332.0 56.952
287.3 23.0
333.04 57.0
284.3 29.0
334.0 57.269
280.33 38.0
334.81 58.0
277.65 43.0
335.87 58.0
276.28 44.0
336.59 59.0
274.9 45.0
337.32 60.0
273.52 46.0
338.04 61.0
272.15 47.0
339.0 61.297
271.09 47.0
339.82 62.0
269.72 48.0
340.55 63.0
268.34 49.0
341.28 64.0
267.29 49.0
342.0 65.008
265.91 50.0
342.73 66.0
264.54 51.0
343.13 68.0
263.16 52.0
344.0 68.561
262.11 52.0
344.91 69.0
260.73 53.0
345.64 70.0
259.36 54.0
346.04 72.0
257.66 56.0
347.0 72.272
256.28 57.0
347.81 73.0
254.58 59.0
348.54 74.0
253.2 60.0
349.27 75.0
251.5 62.0
350.0 75.983
365.0 84.764
365.0 83.063
366.0 85.089
364.0 82.738
366.0 86.79
363.3 82.0
366.0 88.492
361.55 81.0
366.0 91.894
360.32 81.0
366.0 93.595
359.81 80.0
366.0 95.297
358.57 80.0
365.0 98.374
357.34 80.0
364.0 101.45
356.83 79.0
362.0 105.91
355.59 79.0
334.0 146.15
355.0 78.112
334.0 147.85
353.85 78.0
335.0 148.17
353.0 77.462
335.0 149.87
352.1 77.0
335.0 151.58
351.0 76.813
335.0 153.28
350.35 76.0
335.71 154.0
349.84 75.0
336.0 155.3
349.0 74.461
336.0 157.0
348.1 74.0
336.0 158.71
347.59 73.0
336.0 160.41
347.0 72.11
336.8 161.0
346.0 71.785
337.0 162.43
346.0 70.084
337.0 164.13
345.0 69.759
337.0 165.84
344.32 69.0
337.0 167.54
343.81 68.0
337.0 169.24
343.0 67.408
337.68 170.0
342.79 66.0
338.0 171.26
342.0 65.382
338.0 172.97
341.77 64.0
338.0 174.67
341.0 63.356
338.0 176.37
340.02 63.0
338.0 178.07
339.51 62.0
338.0 179.77
339.0 61.004
338.34 181.0
338.0 60.68
339.0 181.8
337.26 60.0
339.0 183.5
336.75 59.0
339.0 185.2
336.0 58.328
339.0 186.9
335.0 58.0
339.0 188.6
334.0 57.679
339.0 190.3
333.26 57.0
339.0 192.0
332.02 57.0
339.0 193.71
331.51 56.0
339.0 195.41
330.28 56.0
339.0 197.11
329.04 56.0
339.0 198.81
328.53 55.0
339.0 200.51
327.29 55.0
339.0 202.21
326.06 55.0
338.0 205.29
339.0 188.92
338.0 180.99
339.0 190.15
338.0 179.76
339.0 191.39
338.0 178.52
339.0 192.63
338.0 177.28
339.0 193.86
338.0 176.05
339.0 195.1
338.0 174.81
339.0 196.33
338.0 173.57
339.0 197.57
338.0 172.34
339.0 198.81
338.0 171.1
339.0 200.04
337.82 170.0
339.0 201.28
337.0 169.36
339.0 202.51
337.0 168.12
338.0 204.48
337.0 166.89
338.0 205.71
337.0 165.65
338.0 206.95
337.0 164.41
338.0 208.18
337.0 163.18
338.0 209.42
337.0 161.94
338.0 210.66
336.59 161.0
338.0 211.89
336.0 160.2
337.0 213.86
336.0 158.96
337.0 215.09
336.0 157.72
337.0 216.33
336.0 156.49
336.0 220.76
335.0 153.51
334.0 225.92
335.0 149.8
333.0 227.89
335.0 148.56
333.0 229.12
334.07 148.0
332.0 231.09
334.0 146.82
331.0 233.05
334.0 145.58
330.0 235.01
334.0 144.34
329.0 236.97
334.0 143.11
328.0 238.94
334.0 141.87
327.0 240.9
333.5 141.0
324.0 244.31
333.0 140.13
321.0 247.73
333.0 138.89
321.0 248.97
333.0 137.65
319.0 251.65
333.0 136.42
317.0 254.34
333.0 135.18
316.0 256.31
333.0 133.95
314.0 259.0
334.0 131.98
313.0 260.96
334.0 130.75
312.0 262.92
357.0 112.8
311.0 264.88
358.0 110.84
310.0 266.85
333.0 228.17
335.0 224.37
333.0 229.22
335.0 223.32
332.0 230.6
335.0 222.26
332.0 231.65
336.0 220.89
331.0 233.03
336.0 219.84
330.0 234.4
336.0 218.79
330.0 235.46
336.0 217.73
329.0 236.83
337.0 216.36
329.0 237.88
337.0 215.31
327.0 239.58
337.0 214.25
327.0 240.64
337.0 213.2
325.0 242.34
338.0 211.83
324.0 243.71
338.0 210.77
324.0 244.76
338.0 209.72
322.0 246.47
338.0 208.67
321.0 247.84
338.0 207.62
321.0 248.89
338.0 206.57
319.0 250.6
338.0 205.52
319.0 251.65
338.0 204.47
317.0 253.35
338.0 203.41
317.0 254.4
339.0 202.04
316.0 255.78
339.0 200.99
316.0 256.83
339.0 199.94
314.0 258.53
339.0 198.88
314.0 259.58
339.0 197.83
313.0 260.96
339.0 196.78
312.0 262.33
339.0 195.73
312.0 263.38
339.0 194.68
311.0 264.76
339.0 193.63
311.0 265.81
339.0 192.58
310.0 267.19
339.0 191.52
309.0 268.56
339.0 190.47
309.0 269.62
339.0 189.42
309.0 270.67
339.0 188.37
308.0 272.04
339.0 187.32
307.0 273.42
339.0 186.27
307.0 274.47
339.0 185.21
307.0 275.52
339.0 184.16
306.0 276.9
339.0 183.11
306.0 277.95
339.0 182.06
306.0 279.0
339.0 181.01
305.0 280.38
338.0 180.28
305.0 281.43
338.0 179.23
305.0 282.48
338.0 178.18
305.0 283.53
338.0 177.13
304.0 284.91
338.0 176.08
304.0 285.96
338.0 175.03
304.0 287.01
338.0 173.97
304.0 288.06
315.0 257.5
319.0 251.5
312.0 263.5
319.0 250.5
311.0 264.5
320.0 249.5
311.0 265.5
321.0 248.5
310.0 266.5
321.0 247.5
310.0 267.5
322.0 246.5
309.0 268.5
323.0 245.5
309.0 269.5
324.0 244.5
309.0 270.5
324.0 243.5
308.0 271.5
325.0 242.5
308.0 272.5
326.0 241.5
307.0 273.5
327.0 240.5
307.0 274.5
327.0 239.5
307.0 275.5
328.0 238.5
306.0 276.5
329.0 237.5
306.0 277.5
329.0 236.5
306.0 278.5
330.0 235.5
306.0 279.5
330.0 234.5
305.0 280.5
331.0 233.5
305.0 281.5
331.0 232.5
305.0 282.5
332.0 231.5
305.0 283.5
332.0 230.5
304.0 284.5
333.0 229.5
304.0 285.5
333.0 228.5
304.0 286.5
333.0 227.5
304.0 287.5
334.0 226.5
304.0 288.5
334.0 225.5
304.0 289.5
335.0 224.5
304.0 290.5
335.0 223.5
303.0 291.5
335.0 222.5
303.0 292.5
335.0 221.5
303.0 293.5
336.0 220.5
303.0 294.5
336.0 219.5
303.0 295.5
336.0 218.5
303.0 296.5
336.0 217.5
303.0 297.5
337.0 216.5
303.0 298.5
337.0 215.5
303.0 299.5
337.0 214.5
303.0 300.5
337.0 213.5
303.0 301.5
337.0 212.5
303.0 302.5
338.0 211.5
303.0 303.5
338.0 210.5
303.0 304.5
338.0 209.5
303.0 305.5
338.0 208.5
303.0 306.5
