65.5 33.5
66.5 35.5
69.5 38.5
71.5 41.5
74.5 44.5
75.5 47.5
77.5 50.5
78.5 54.5
73.5 53.5
64.5 49.5
55.5 44.5
54.5 45.5
51.5 45.5
50.5 46.5
49.5 48.5
50.5 53.5
49.5 54.5
48.5 56.5
47.5 56.5
45.5 57.5
44.5 57.5
43.5 58.5
41.5 59.5
39.5 58.5
38.5 59.5
36.5 60.5
34.5 59.5
33.5 58.5
31.5 57.5
29.5 58.5
25.5 58.5
21.5 58.5
18.5 57.5
16.5 56.5
14.5 55.5
13.5 54.5
12.5 52.5
11.5 50.5
10.5 48.5
9.5 46.5
9.5 44.5
8.5 42.5
8.5 39.5
9.5 37.5
9.5 35.5
8.5 33.5
4.5 31.5
7.5 29.5
6.5 26.5
6.5 21.5
3.5 18.5
4.5 16.5
6.5 13.5
7.5 12.5
11.5 12.5
14.5 11.5
15.5 9.5
17.5 8.5
19.5 7.5
22.5 8.5
29.5 15.5
31.5 16.5
33.5 15.5
35.5 15.5
37.5 15.5
39.5 15.5
40.5 16.5
41.5 16.5
42.5 17.5
42.5 24.5
43.5 25.5
43.5 25.5
43.5 28.5
43.5 28.5
43.5 29.5
44.5 30.5
44.5 30.5
44.5 30.5
45.5 30.5
45.5 30.5
46.5 30.5
47.5 30.5
47.5 30.5
48.5 30.5
50.5 30.5
66.5 25.5
65.5 27.5
64.5 29.5
64.5 30.5
64.5 32.5
