-0.552297 0.466276
-0.534702 0.513196
-0.442815 0.589443
-0.409580 0.726295 
-0.407625 0.661779
-0.401760 0.739980
-0.347019 0.630499 
-0.339198 0.608993
-0.319648 0.779081 
-0.096774 0.802541
-0.110459 -0.693060 
-0.274682 -0.677419
-0.397849 -0.652004 
-0.460411 -0.616813
-0.436950 -0.546432 
-0.470186 -0.579668
-0.343109 -0.472141 
-0.360704 -0.505376
-0.397849 -0.444770 
-0.399804 -0.376344
-0.327468 -0.331378 
-0.390029 -0.364614
-0.165200 -0.288368 
-0.272727 -0.307918
-0.135875 -0.137830 
-0.145650 -0.227762
-0.200391 -0.133920 
-0.266862 -0.102639
-0.190616 0.010753 
-0.245357 -0.045943
-0.151515 0.030303 
-0.155425 0.045943
-0.212121 0.073314 
-0.296188 0.112414
-0.393939 0.190616 
-0.436950 0.268817
-0.440860 0.360704 
-0.448680 0.300098
-0.479961 0.382209 
0.139785 0.796676 
0.255132 0.781036
0.333333 0.743891 
0.345064 0.728250
0.276637 0.628543 
0.321603 0.650049
0.274682 0.607038 
0.421310 0.571848
0.413490 0.388074 
0.491691 0.478006
0.386119 0.360704 
0.391984 0.302053
0.241447 0.110459 
0.372434 0.229717
0.098729 0.043988 
0.149560 0.075269
0.094819 0.030303 
0.167155 -0.004888
0.212121 -0.069404 
0.221896 -0.098729
0.147605 -0.130010 
0.198436 -0.118280
0.085044 -0.141740 
0.092864 -0.200391
0.124145 -0.288368 
0.196481 -0.298143
0.262952 -0.313783 
0.343109 -0.356794
0.350929 -0.433040 
0.352884 -0.376344
0.307918 -0.511241 
0.307918 -0.474096
0.356794 -0.524927 
0.415445 -0.558162
0.431085 -0.603128 
0.395894 -0.630499
0.307918 -0.657869 
0.112414 -0.689150
