312 262.06
310 266.41
309 270.76
307 274.83
306 279.11
305 283.43
304 287.85
303 292.41
303 297.8
303 303.64
303 310.03
303 317.13
303 325.12
303 334.26
303 344.9
303 357.56
322.79 409
317.38 423
306.61 427
294.57 427
281.22 420
272 427.87
268.75 489
254.51 496
239.5 501
223.93 505
207.85 508
191.52 509
175.18 508
158.76 506
143.09 501
128.21 494
115 483.96
104.64 470
98 452.26
98 428.54
109 396.47
110.12 379
109 365.46
107 353.77
106 342.22
105 331.44
104 321.26
104 311.15
104 301.53
104 292.29
105 283.16
105 274.49
107 265.84
109 257.5
112 249.48
116 241.9
119 234.51
123 227.59
126 220.62
130 214.15
134 207.86
137 201.15
142 195.62
146 189.57
151 184.29
155.91 179
161.09 174
167.11 170
173.75 167
180.8 165
187.55 163
194 160.81
199.71 157
205.87 154
211.64 149
217.66 143
224.15 136
231.23 126
239.5 84
251.8 62
265.71 50
282.13 34
304.07 6
313 31.29
320.47 53
333.85 57
343.68 68
353.41 78
365 84.764
334 143.27
336 154.74
337 165.94
338 176.01
339 185.21
339 194.36
339 202.8
338 211.15
336 219.29
334 226.8
330 234.26
327 240.81
321 247.2
318 252.56
315 257.5
