167 115.93
169 119.64
170 123.47
171 127.52
172 131.83
172 136.06
173 140.97
174 146.31
174 151.53
174 157.18
174 163.38
173 169.31
172 175.86
171 183.21
170 191.64
168 199.95
165.55 209
162 217.69
154.27 218
143.53 208
136 204.03
130.72 208
123.81 202
118.01 200
112.5 202
106.37 210
101.57 199
94.473 207
91.318 195
82.445 205
87.754 175
84.031 173
80.339 171
77 168.44
74 165.49
70.723 163
67.895 160
65.112 157
63 153.45
61 149.92
59 146.45
58 142.46
56 139.09
55 135.27
55 131.18
54 127.52
53 123.85
53 120.02
53 116.24
53 112.5
54 108.82
54 105.11
54 101.34
55 97.737
55 93.817
56 90.13
57 86.384
58 82.538
57 77.279
56 71.45
56 65.759
56 59.443
57 53.399
58 46.621
60 40.24
63.317 35
55.051 8
64.267 10
75.877 20
82 18.631
87.723 16
93.901 15
100.18 15
106.37 15
112.5 16
118.45 18
124.06 21
130.72 17
138.56 11
146.45 8
142.39 37
145.2 43
148 47.926
149 54.985
150 60.886
150 67.17
149 73.631
148 79.163
148 83.132
149 85.981
151.11 88
153.43 90
155 92.501
157 94.881
158 97.716
160 100.3
162 103.06
163 106.12
165 109.2
166 112.5
