3
63
59
58
68
71
73
78
80
116
115
380
381
383
384
390
389
379
377
376
374
373
372
371
348
347
336
334
333
331
4
0
6
12
17
15
14
19
23
39
37
42
43
50
49
52
135
136
138
140
143
161
166
168
212
214
216
228
229
235
234
275
276
278
277
281
283
292
303
307
320
322
324
327
326
652
649
651
654
655
656
631
632
647
646
645
642
643
644
639
535
534
531
602
537
599
598
600
596
597
601
567
586
587
588
591
592
593
594
579
578
577
573
571
570
406
404
403
399
398
400
392
394
448
423
419
411
409
130
128
126
125
118
114
113
97
92
91
90
56
11
9
8
7
