200.0 0.0
168.86558510040302 107.16535899579934
161.80339887498948 117.55705045849463
154.10264855515783 127.48479794973795
145.7937254842823 136.90942118573776
136.90942118573773 145.7937254842823
127.48479794973792 154.10264855515786
117.5570504584946 161.80339887498948
107.16535899579931 168.86558510040302
96.35073482034304 175.26133600877273
85.15585831301453 180.9654104932039
73.62491053693557 185.9552971776503
61.80339887498949 190.2113032590307
49.73797743297095 193.71663222572622
37.4762629171449 196.45745014573774
25.06664671286085 198.42294026289557
12.55810390586266 199.6053456856543
-3.2162452993532734e-14 200.0
-12.55810390586268 199.6053456856543
-25.066646712860873 198.42294026289557
-37.476262917144965 196.4574501457377
-49.73797743297097 193.71663222572622
-61.80339887498951 190.2113032590307
-73.6249105369356 185.95529717765027
-85.15585831301455 180.9654104932039
-96.35073482034309 175.2613360087727
-107.16535899579938 168.865585100403
-117.5570504584946 161.80339887498948
-127.48479794973795 154.10264855515786
-136.90942118573776 145.79372548428228
-145.79372548428233 136.9094211857377
-154.10264855515788 127.48479794973791
-161.80339887498945 117.55705045849464
-168.86558510040302 107.16535899579934
-175.26133600877273 96.35073482034304
-180.9654104932039 85.1558583130145
-185.9552971776503 73.62491053693554
-190.21130325903073 61.803398874989426
-193.71663222572622 49.737977432970965
-196.45745014573774 37.476262917144915
-198.42294026289557 25.06664671286082
-199.6053456856543 12.558103905862627
-200.0 -6.432490598706547e-14
-200.0 -6.432490598706547e-14
-199.6053456856543 -12.55810390586267
-199.6053456856543 -12.55810390586267
-198.42294026289557 -25.06664671286086
-198.42294026289557 -25.06664671286086
-196.4574501457377 -37.47626291714495
-196.4574501457377 -37.47626291714495
-193.71663222572622 -49.737977432971
-193.71663222572622 -49.737977432971
-190.2113032590307 -61.80339887498955
-190.2113032590307 -61.80339887498955
-185.95529717765024 -73.62491053693566
-185.95529717765024 -73.62491053693566
-180.9654104932039 -85.15585831301453
-180.9654104932039 -85.15585831301453
-175.2613360087727 -96.35073482034308
-175.2613360087727 -96.35073482034308
-168.865585100403 -107.16535899579935
-168.865585100403 -107.16535899579935
-161.80339887498945 -117.55705045849467
-161.80339887498945 -117.55705045849467
-154.1026485551578 -127.484797949738
-154.1026485551578 -127.484797949738
-145.7937254842823 -136.90942118573776
-145.7937254842823 -136.90942118573776
-136.90942118573773 -145.7937254842823
-136.90942118573773 -145.7937254842823
-127.48479794973791 -154.10264855515788
-127.48479794973791 -154.10264855515788
-117.55705045849464 -161.80339887498945
-117.55705045849464 -161.80339887498945
-107.16535899579927 -168.86558510040305
-107.16535899579927 -168.86558510040305
-96.35073482034305 -175.26133600877273
-96.35073482034305 -175.26133600877273
-85.15585831301443 -180.96541049320396
-85.15585831301443 -180.96541049320396
-73.62491053693556 -185.9552971776503
-73.62491053693556 -185.9552971776503
-61.80339887498951 -190.2113032590307
-61.80339887498951 -190.2113032590307
-49.73797743297089 -193.71663222572624
-49.73797743297089 -193.71663222572624
-37.47626291714493 -196.45745014573774
-37.47626291714493 -196.45745014573774
-25.066646712860745 -198.42294026289557
-25.066646712860745 -198.42294026289557
-12.558103905862641 -199.6053456856543
-12.558103905862641 -199.6053456856543
-3.6739403974420595e-14 -200.0
-3.6739403974420595e-14 -200.0
12.558103905862744 -199.6053456856543
12.558103905862744 -199.6053456856543
25.066646712860845 -198.42294026289557
25.066646712860845 -198.42294026289557
37.47626291714503 -196.4574501457377
37.47626291714503 -196.4574501457377
49.737977432970986 -193.71663222572622
49.737977432970986 -193.71663222572622
61.80339887498945 -190.21130325903073
61.80339887498945 -190.21130325903073
73.62491053693564 -185.95529717765024
73.62491053693564 -185.95529717765024
85.15585831301452 -180.9654104932039
85.15585831301452 -180.9654104932039
96.35073482034315 -175.26133600877267
96.35073482034315 -175.26133600877267
107.16535899579935 -168.865585100403
107.16535899579935 -168.865585100403
117.55705045849474 -161.8033988749894
117.55705045849474 -161.8033988749894
127.484797949738 -154.1026485551578
127.484797949738 -154.1026485551578
136.90942118573773 -145.7937254842823
136.90942118573773 -145.7937254842823
145.7937254842824 -136.90942118573764
145.7937254842824 -136.90942118573764
154.10264855515788 -127.48479794973792
198.42294026289557 -25.066646712860756
