44.8618 282.074
44.8706 305.343
44.8667 340.194
47.7803 250.111
47.7856 273.353
47.7827 308.248
47.7788 337.309
50.6831 223.967
50.6875 232.679
50.6699 238.493
50.668 241.412
50.6675 284.978
50.6836 293.719
50.6792 337.283
50.686 354.736
50.6899 392.5
53.5952 209.421
53.5752 218.155
53.5801 226.879
53.5952 253.026
53.5938 270.47
53.5962 273.372
53.5845 276.276
53.5854 328.572
53.5796 343.106
56.4946 209.439
56.5 261.727
56.498 273.377
56.501 290.813
56.501 305.342
56.4937 380.897
59.3896 194.907
59.4077 244.301
59.3877 279.183
59.3955 377.97
62.311 232.688
62.2993 351.817
62.3145 366.348
62.3037 372.167
62.3115 375.082
62.2969 383.804
65.1958 241.387
65.207 258.842
65.2197 267.566
65.2192 284.988
65.207 287.886
65.2158 296.606
65.2051 299.514
65.2114 322.758
65.2158 369.265
65.2065 375.064
65.2021 386.687
65.2188 407.028
65.2017 415.748
65.1982 436.084
65.2114 447.71
68.105 174.565
68.1147 191.985
68.1216 229.771
68.1265 267.541
68.1167 290.802
68.1055 311.138
68.1094 398.328
68.1021 438.991
68.1045 453.544
71.0283 168.739
71.0137 171.646
71.0083 192.006
71.0156 194.915
71.0093 250.125
71.0073 299.529
71.0166 311.131
71.0283 334.382
71.0298 354.742
71.02 436.09
71.0142 441.9
73.937 229.774
73.9351 284.983
73.9146 299.527
73.9307 308.238
73.9199 407.04
73.9365 441.899
73.9141 465.171
76.8286 194.904
76.8203 200.729
76.8228 203.633
76.8198 206.541
76.8174 212.34
76.8359 250.121
76.8442 258.832
76.8428 305.336
76.8452 340.199
76.8281 354.735
79.7422 142.608
79.7422 171.662
79.7349 174.572
79.7402 200.711
79.7461 212.338
79.7319 250.119
79.7441 276.279
79.7397 316.968
79.7231 322.755
79.729 377.972
79.7456 401.22
79.7383 459.341
79.7271 465.16
82.6436 133.884
82.6343 189.087
82.6494 241.398
82.6421 253.024
82.6367 319.871
82.6416 334.378
82.6377 348.908
82.6348 377.993
82.6304 412.838
82.647 421.569
82.6445 427.38
85.5366 136.793
85.5522 139.684
85.543 183.274
85.5552 197.819
85.5356 218.146
85.5415 250.123
85.5591 255.942
85.561 293.702
85.5386 299.512
85.5596 354.73
85.5366 392.521
85.5381 412.853
85.5532 421.579
85.5542 468.054
85.5605 476.772
85.563 479.695
88.4556 133.884
88.4424 139.694
88.4468 142.603
88.4678 183.275
88.4673 209.427
88.4585 212.33
88.4414 218.151
88.4517 241.407
88.4487 244.292
88.4565 255.916
88.46 305.319
88.4702 308.247
88.4487 311.154
88.4507 357.648
88.4644 360.555
88.4614 389.612
88.4453 456.45
91.3633 145.505
91.3672 168.74
91.3501 177.477
91.375 255.939
91.3491 261.727
91.3638 273.353
91.3589 276.264
91.3701 305.331
91.3516 343.101
91.3628 354.725
91.3579 404.131
91.3486 424.465
91.3643 427.378
91.3506 494.205
91.3516 497.116
94.2646 113.527
94.2744 125.163
94.2661 133.872
94.2583 148.402
94.2568 276.273
94.27 354.723
94.2617 380.881
94.2676 389.615
94.2812 424.481
94.2573 450.628
97.1733 113.525
97.1763 125.148
97.1733 168.756
97.1821 261.736
97.1714 267.568
97.187 392.504
97.1665 398.321
97.1758 430.29
97.1738 459.348
97.1821 502.949
100.079 107.724
100.075 186.201
100.085 215.256
100.093 290.801
100.081 316.943
100.071 412.852
100.092 424.465
100.079 453.521
100.087 470.981
100.093 488.392
100.091 491.303
100.083 502.941
102.972 104.819
102.979 113.548
102.973 162.943
102.993 194.893
103 232.67
102.973 235.595
102.998 238.502
102.973 250.13
102.986 267.562
102.975 331.473
102.98 386.706
102.999 392.498
102.987 430.281
102.984 465.172
102.977 470.969
105.898 128.071
105.885 160.033
105.879 174.555
105.882 221.047
105.887 250.132
105.882 290.814
105.901 343.104
105.889 377.988
105.887 401.221
105.892 430.301
105.881 468.055
105.905 497.117
105.904 500.021
105.882 511.65
108.789 96.0908
108.794 110.642
108.791 171.643
108.802 194.906
108.797 247.204
108.791 290.788
108.785 325.679
108.807 337.311
108.787 346.006
108.804 412.85
108.784 421.576
108.792 441.913
108.789 450.623
108.785 465.165
108.806 476.773
108.801 494.218
108.804 500.031
111.708 119.354
111.697 122.247
111.689 157.138
111.701 206.53
111.708 215.24
111.705 241.407
111.69 247.201
111.706 314.035
111.708 348.915
111.697 357.63
111.714 404.145
111.693 418.675
111.7 441.916
111.71 470.958
111.716 476.795
111.715 479.696
111.705 482.606
114.612 110.623
114.601 177.473
114.597 186.201
114.6 235.585
114.62 273.379
114.608 340.215
114.62 360.545
114.614 421.57
114.604 439.007
114.607 494.214
117.529 183.287
117.514 197.806
117.501 221.072
117.529 267.558
117.51 273.363
117.503 287.882
117.513 290.79
117.504 316.96
117.513 325.667
117.528 346.009
117.508 369.276
117.529 409.935
117.522 415.768
117.505 418.67
117.521 421.57
117.512 427.384
117.505 473.886
117.527 476.789
120.408 93.1978
120.423 101.905
120.42 130.987
120.416 253.019
120.42 261.756
120.426 290.807
120.42 316.967
120.413 363.446
120.407 450.635
120.411 453.533
120.433 473.89
120.407 514.546
123.34 104.807
123.338 122.253
123.332 125.155
123.34 128.056
123.333 136.781
123.32 148.398
123.337 241.392
123.338 264.641
123.328 293.701
123.319 346.014
123.322 363.45
123.337 366.364
123.329 375.069
123.325 383.789
123.334 389.595
123.332 412.859
123.327 430.282
123.334 441.925
123.315 465.15
126.243 130.971
126.245 142.59
126.233 160.025
126.237 197.82
126.242 212.337
126.226 218.151
126.233 238.494
126.245 270.445
126.236 296.621
126.227 325.66
126.238 398.323
126.231 497.13
126.234 531.991
129.125 90.293
129.13 101.904
129.147 162.939
129.143 200.717
129.152 232.672
129.146 235.593
129.147 407.043
129.153 453.545
129.127 470.955
129.125 473.872
129.146 508.75
129.131 534.913
129.148 540.707
132.044 75.7715
132.033 87.3765
132.044 104.82
132.048 125.152
132.031 136.784
132.033 142.586
132.032 165.854
132.042 189.082
132.043 197.815
132.036 261.735
132.032 282.097
132.04 296.619
132.034 354.731
132.033 372.157
132.04 444.828
132.044 465.15
132.059 473.881
132.034 494.217
132.042 505.853
132.051 537.814
132.034 549.432
134.964 81.5854
134.958 128.07
134.961 130.963
134.94 145.508
134.958 160.045
134.953 200.722
134.946 212.336
134.95 229.77
134.958 238.483
134.944 267.542
134.94 284.985
134.959 299.509
134.96 308.223
134.939 363.452
134.947 383.79
134.963 450.637
134.937 511.666
134.948 546.525
137.849 67.0356
137.849 78.6558
137.865 99.0054
137.845 104.832
137.858 133.883
137.85 145.497
137.857 162.93
137.856 244.292
137.849 314.048
137.848 316.963
137.852 340.202
137.858 412.854
137.847 433.181
137.865 465.16
140.749 154.235
140.771 174.571
140.764 250.122
140.757 253.021
140.762 273.369
140.756 284.987
140.76 314.038
140.75 343.102
140.756 372.162
140.765 415.761
140.761 424.485
140.776 459.345
140.767 473.865
140.753 502.933
140.769 529.084
140.749 532.004
140.762 540.72
140.772 552.349
143.663 72.8652
143.678 113.528
143.672 116.433
143.675 128.058
143.658 139.696
143.675 151.317
143.68 189.092
143.66 235.575
143.669 255.937
143.678 264.643
143.654 290.811
143.666 325.665
143.667 343.118
143.661 372.157
143.681 386.703
143.678 398.308
143.663 421.581
143.665 444.804
143.68 456.444
143.668 473.863
143.676 476.778
143.683 514.571
143.657 523.272
143.677 531.982
143.681 549.427
146.564 69.9487
146.583 99.0112
146.588 136.776
146.589 162.949
146.567 171.652
146.589 223.975
146.562 261.736
146.569 305.324
146.575 357.652
146.574 372.179
146.586 386.708
146.576 427.378
146.587 459.358
146.587 468.066
146.582 473.872
146.562 485.5
146.569 491.315
146.564 497.126
149.48 67.0513
149.468 93.1875
149.491 104.828
149.468 116.437
149.484 130.968
149.479 171.649
149.469 221.055
149.468 235.588
149.479 244.315
149.49 250.121
149.491 264.643
149.469 279.183
149.495 308.227
149.486 316.968
149.494 319.865
149.468 357.652
149.487 366.348
149.49 389.606
149.474 456.447
149.467 470.963
149.479 502.939
149.483 563.946
149.488 566.873
152.375 99.002
152.386 136.778
152.387 174.57
152.399 180.385
152.388 186.194
152.38 299.528
152.39 343.097
152.394 392.501
152.378 401.24
152.383 447.713
152.382 494.209
152.381 520.375
152.388 526.182
152.377 534.913
155.292 58.333
155.282 72.8428
155.299 212.344
155.291 276.285
155.305 311.138
155.287 351.817
155.303 377.98
155.283 409.947
155.286 450.628
155.299 508.741
155.293 531.985
155.287 572.672
158.188 55.4126
158.213 78.6733
158.213 244.315
158.204 270.459
158.213 314.042
158.213 316.943
158.185 337.286
158.191 366.364
158.211 401.215
158.19 409.937
158.191 427.385
158.185 430.29
158.207 453.529
158.19 502.923
158.2 520.365
158.197 529.098
158.208 575.587
161.104 55.4102
161.092 81.5723
161.095 145.516
161.118 148.396
161.11 165.839
161.092 197.812
161.101 226.876
161.109 255.934
161.098 267.552
161.095 311.129
161.11 322.757
161.104 372.161
161.099 447.724
161.107 468.052
161.098 497.135
161.094 505.854
161.098 523.28
161.107 563.954
161.105 572.668
164.004 93.2056
164.013 125.164
164.001 128.081
164.013 162.944
164.002 247.217
164.017 290.796
164.017 314.054
164.007 386.696
164.018 401.234
164.021 409.954
164.007 441.903
163.998 491.318
163.999 497.119
164.002 505.828
164.014 508.741
163.998 514.565
164.003 517.458
164.007 537.795
164.009 540.723
166.914 64.1421
166.908 84.4907
166.908 104.806
166.927 128.08
166.924 139.685
166.907 218.162
166.907 238.483
166.928 244.307
166.908 273.358
166.916 325.672
166.902 346.015
166.92 357.627
166.927 372.176
166.929 380.891
166.907 404.128
166.906 424.483
166.926 479.69
166.921 508.733
166.904 526.19
166.907 540.705
166.919 561.057
169.812 67.0527
169.82 116.457
169.817 133.88
169.819 209.447
169.829 212.338
169.832 244.309
169.819 253.01
169.836 372.154
169.824 386.706
169.817 430.29
169.818 433.207
169.829 439.001
169.816 444.819
169.833 447.72
169.835 479.699
169.823 500.034
169.813 514.573
169.814 531.997
169.831 537.813
172.714 52.501
172.72 157.129
172.732 165.851
172.729 174.575
172.721 218.141
172.734 427.371
172.729 447.729
172.717 470.964
172.74 514.57
172.736 529.083
172.732 581.392
175.624 61.2358
175.637 75.7559
175.64 96.1138
175.621 104.827
175.64 116.456
175.635 433.2
175.635 462.254
175.633 468.053
175.632 488.392
175.645 497.121
175.636 514.562
175.64 546.534
178.546 37.9883
178.526 43.79
178.536 119.344
178.528 447.729
178.549 488.396
178.541 500.032
178.552 508.757
178.544 511.663
178.53 523.286
178.53 531.996
178.553 581.396
181.436 52.5107
181.46 58.3193
181.44 96.1025
181.441 107.725
181.453 113.551
181.445 180.373
181.456 456.446
181.449 462.245
181.457 558.157
181.444 581.392
184.346 61.2378
184.342 78.6685
184.352 113.536
184.348 119.355
184.364 136.797
184.362 148.409
184.348 165.831
184.349 485.497
184.339 529.09
184.342 543.616
184.354 561.041
184.365 575.594
184.341 578.479
187.266 32.167
187.269 49.6025
187.26 55.4214
187.266 101.922
187.272 462.24
187.271 482.59
187.257 485.511
187.244 494.223
187.254 520.379
187.253 523.288
187.248 540.712
187.244 543.617
190.154 29.2622
190.167 69.9473
190.155 119.356
190.164 139.688
190.153 142.606
190.156 491.302
190.158 534.909
190.161 540.719
190.178 558.144
193.08 119.361
193.079 136.791
193.056 488.395
193.062 502.927
193.084 575.575
195.967 32.1733
195.97 64.1411
195.971 72.8496
195.976 96.0986
195.978 101.92
195.983 494.218
195.974 505.853
195.989 595.912
198.886 40.8896
198.875 46.7061
198.889 84.4824
198.896 96.0957
198.895 575.58
198.874 595.934
201.781 64.1396
201.799 90.2988
201.792 558.135
201.801 575.591
204.697 23.4448
204.703 64.146
204.708 598.839
207.613 35.0693
207.594 75.7568
207.598 104.824
207.597 107.737
210.5 23.4424
210.501 72.8511
210.519 523.265
210.497 546.523
210.507 552.327
210.495 578.497
213.424 32.1729
213.41 64.126
213.415 67.0532
213.403 78.6665
213.405 96.1055
213.421 566.869
216.32 23.4502
216.312 29.2593
216.306 35.0898
216.317 546.53
216.307 555.255
216.317 604.65
219.212 35.0894
219.215 40.8765
222.122 40.8823
222.117 58.3379
222.136 69.9512
222.126 543.622
222.125 578.491
222.115 587.203
225.029 17.644
225.024 23.4482
225.032 43.7891
225.042 46.7114
225.043 75.7612
225.022 78.6548
225.044 543.625
225.042 549.438
225.024 566.873
225.039 581.392
227.935 49.6143
227.936 84.4893
227.932 555.242
227.944 558.154
227.952 601.731
227.932 604.634
227.953 607.545
230.833 52.521
230.841 546.516
230.849 561.063
233.759 58.3286
233.739 67.0303
233.76 75.772
233.755 590.108
233.768 598.845
233.761 604.629
236.67 69.9355
236.669 72.8408
236.669 75.7749
236.647 566.859
236.646 593.025
236.652 610.455
239.554 14.7354
239.552 37.9927
239.559 64.1484
239.577 69.9561
239.555 72.8472
242.464 32.1572
242.473 584.302
245.37 23.4512
245.375 26.3501
245.385 566.874
245.377 613.355
248.274 14.7485
248.29 578.497
248.291 587.22
248.275 601.744
251.2 20.5586
251.188 52.5
251.188 595.916
254.097 49.6006
254.095 575.595
256.998 40.8916
256.995 43.7974
257.007 561.053
259.917 575.588
259.897 595.928
262.814 26.353
262.818 49.5938
262.819 563.973
262.818 578.479
262.805 601.745
265.713 23.4644
265.724 26.3623
265.718 616.259
268.617 32.1831
268.614 55.4146
268.622 578.492
268.629 613.371
271.523 29.272
271.536 604.64
274.428 23.4463
274.423 40.9009
274.443 569.776
274.431 584.304
274.428 601.733
277.348 29.2544
277.355 40.8931
277.35 46.6885
277.35 584.3
277.345 613.354
280.238 14.7407
280.238 43.7905
286.073 49.5977
286.067 581.407
286.062 619.184
288.954 584.288
288.958 587.196
288.964 613.359
291.875 20.5361
291.876 610.453
294.778 17.6313
294.785 43.8032
294.791 52.5029
294.78 584.302
294.771 607.539
294.78 610.457
297.692 17.6357
297.675 20.5601
297.696 49.603
297.679 569.768
297.683 575.595
297.675 601.724
300.591 40.8838
300.599 607.545
303.495 29.2583
303.502 593.013
303.504 604.654
306.417 32.1626
306.394 619.169
309.296 23.4507
309.313 49.6138
309.295 610.449
309.315 613.369
312.206 11.8164
312.214 20.5371
312.214 578.49
315.109 32.1675
315.112 569.783
318.037 26.3647
318.029 43.7837
318.018 55.4189
318.022 590.104
318.021 598.831
318.016 610.444
320.941 32.1729
320.928 58.3364
320.939 581.386
320.932 590.125
323.851 566.877
323.836 569.781
323.826 575.579
323.837 584.291
323.83 593.013
323.839 610.466
326.754 26.355
326.752 40.8838
326.74 569.778
326.752 587.216
329.654 58.3247
332.562 26.3569
332.566 40.8921
332.56 46.6968
332.555 593.013
335.458 17.6348
335.468 37.979
335.469 58.3174
335.461 566.859
338.369 17.644
338.379 52.5044
338.37 61.2349
338.38 569.783
338.354 581.398
338.367 584.289
341.283 37.978
341.261 49.5957
341.285 601.743
341.28 604.658
344.179 23.4453
347.087 584.303
347.097 593.026
347.099 607.536
349.988 29.2529
350.003 40.8892
349.991 52.5151
349.988 55.4126
349.981 558.163
349.989 593.034
349.984 604.657
352.904 23.4663
352.886 558.137
352.906 590.126
352.9 610.453
355.789 32.1855
355.808 49.6055
355.795 67.0312
355.81 72.8643
355.793 75.7695
355.803 578.494
355.812 587.219
355.797 593.008
355.803 595.917
358.707 46.7007
358.7 52.5171
358.723 55.4194
358.714 78.6636
358.701 575.588
358.713 578.479
358.714 593.029
361.617 37.9766
361.618 72.8408
361.609 75.7705
361.607 590.112
364.518 81.5737
364.521 552.333
364.534 561.055
364.527 575.592
364.507 578.485
367.427 49.6113
367.428 55.4204
367.427 561.041
367.433 569.771
367.428 593.006
370.343 35.0771
370.344 78.6753
370.34 87.3853
370.338 575.597
370.329 590.119
370.343 601.741
373.245 46.7085
373.236 55.4282
373.229 67.0488
373.239 69.9458
373.24 81.5771
373.225 93.207
373.245 546.516
376.146 78.6758
376.153 563.951
376.153 601.741
379.041 84.4912
379.05 101.923
379.063 561.067
381.957 61.2334
381.955 64.1377
381.942 72.8506
381.953 543.605
381.943 593.024
384.854 43.7949
384.848 107.721
384.859 549.421
384.857 584.29
384.866 590.113
387.777 32.1855
387.772 61.2222
387.76 561.05
387.758 569.778
387.763 578.501
390.677 43.7856
390.687 49.6025
390.688 61.2388
390.673 110.62
390.663 558.138
390.684 566.858
390.664 587.204
393.57 69.9385
393.569 72.8633
393.57 590.101
396.498 93.1851
396.49 96.1035
396.48 122.25
396.484 531.987
396.482 569.772
396.473 575.597
399.384 37.9771
399.388 69.9463
399.399 78.6558
399.398 96.1045
399.407 125.149
399.387 537.813
399.389 555.241
402.293 46.688
402.292 55.416
402.299 78.6636
402.298 130.961
402.304 532.003
402.3 549.436
402.285 558.136
405.219 72.8682
405.213 136.798
405.213 563.954
405.196 566.871
405.205 584.311
408.118 61.2217
408.109 67.0317
408.104 75.7612
408.1 87.3857
408.096 511.661
408.097 534.903
411.021 116.45
411.027 125.166
411.019 130.969
411.023 549.417
411.004 563.954
413.914 64.1284
413.911 67.0518
413.93 75.7705
413.921 125.152
413.927 128.056
413.917 151.305
413.927 162.949
416.815 508.744
416.836 514.565
419.728 52.5259
419.726 58.3379
419.731 75.751
419.727 96.0972
419.742 99.0161
419.722 130.962
419.731 174.55
419.748 488.397
419.742 526.191
419.732 543.622
419.744 546.529
422.645 69.9502
422.629 104.817
422.64 116.438
422.647 125.16
422.651 160.04
422.645 485.498
422.638 488.417
422.625 505.841
422.641 552.345
425.55 75.7715
425.546 139.681
425.56 162.95
425.55 180.385
425.551 183.269
425.553 479.688
425.557 555.241
425.539 561.058
428.456 55.4321
428.456 64.1353
428.441 75.7637
428.444 81.5815
428.444 96.1045
428.444 529.094
431.367 81.5815
431.356 87.395
431.362 125.155
431.369 136.797
431.358 151.307
431.371 154.209
431.368 168.744
431.351 473.888
431.369 479.696
431.368 482.584
431.369 494.215
431.345 505.851
431.357 529.075
431.358 531.988
434.251 136.78
434.256 148.422
434.25 177.476
434.254 191.985
434.266 200.719
434.251 215.255
434.255 537.818
437.156 69.9551
437.157 122.257
437.162 168.759
437.166 189.095
437.166 500.023
440.083 75.7661
440.072 133.886
440.068 148.396
440.089 203.627
440.07 206.525
440.074 439.015
440.078 491.297
440.078 505.853
440.088 517.475
442.981 93.1865
442.995 128.074
442.976 212.347
442.991 221.044
442.993 441.922
442.977 537.809
445.892 101.92
445.885 154.221
445.876 171.654
445.876 206.527
445.894 218.154
445.894 229.78
445.891 232.694
445.893 427.388
445.899 453.533
445.891 456.428
445.88 482.604
445.876 497.13
445.898 505.853
445.9 534.899
445.895 537.798
448.783 78.6748
448.798 128.074
448.801 151.318
448.806 209.432
448.798 253.021
448.784 398.319
448.8 415.767
448.808 447.712
448.803 485.513
448.779 502.94
451.69 84.4873
451.691 101.91
451.71 107.715
451.702 110.629
451.698 116.441
451.704 128.066
451.692 139.693
451.708 183.268
451.708 206.53
451.695 253.015
451.689 255.923
451.709 392.497
451.703 436.094
451.688 514.545
454.604 78.6807
454.599 96.1104
454.616 154.225
454.604 171.664
454.595 261.746
454.617 377.992
454.598 433.182
454.593 444.817
454.608 502.941
454.615 505.852
457.505 90.2959
457.525 104.832
457.517 122.267
457.522 139.699
457.499 145.503
457.512 162.934
457.511 165.836
457.509 186.185
457.502 197.816
457.505 203.613
457.519 206.53
457.518 223.969
457.498 273.357
457.512 357.646
457.501 409.935
457.515 441.9
460.42 96.1123
460.416 119.34
460.426 162.933
460.405 180.361
460.407 183.271
460.42 186.181
460.416 223.955
460.417 229.776
460.412 247.214
460.407 287.902
460.407 340.205
460.421 343.096
460.418 395.402
460.424 401.221
460.427 444.828
460.431 450.616
460.408 508.734
463.333 107.734
463.324 133.875
463.318 183.279
463.33 191.995
463.325 221.045
463.315 258.826
463.329 331.49
463.32 337.303
463.319 348.911
463.331 369.274
463.317 380.88
463.319 436.111
463.331 447.72
463.323 494.22
463.331 508.748
466.242 110.623
466.231 168.763
466.226 171.669
466.238 279.167
466.225 340.212
466.22 375.081
466.239 395.428
466.222 418.659
466.237 436.1
466.218 485.485
466.232 491.311
469.122 154.219
469.132 183.293
469.121 186.186
469.149 192.004
469.126 282.091
469.146 311.149
469.136 325.673
469.13 407.049
469.137 415.745
469.124 456.446
469.144 494.23
472.04 157.129
472.042 189.093
472.036 197.812
472.05 212.333
472.049 273.359
472.047 299.514
472.042 311.149
472.042 328.581
472.028 334.398
472.044 363.446
472.027 369.254
472.043 372.181
472.046 383.8
472.047 401.23
472.037 439.003
472.04 441.897
472.031 488.401
472.033 497.125
474.958 107.717
474.942 116.452
474.948 145.494
474.955 287.906
474.957 328.587
474.958 343.115
474.938 389.593
474.935 418.674
474.941 470.973
477.852 130.986
477.865 212.335
477.847 244.304
477.844 293.702
477.853 302.438
477.857 305.319
477.844 328.579
480.757 151.31
480.746 194.898
480.763 276.26
480.756 279.169
480.757 299.514
480.751 331.496
480.76 389.589
480.762 404.121
480.745 418.657
483.652 125.176
483.675 133.887
483.67 157.125
483.66 174.575
483.658 200.707
483.676 226.875
483.675 235.587
483.659 247.215
483.654 253.024
483.667 319.858
483.651 392.501
483.675 456.443
483.673 468.06
486.557 119.362
486.559 197.822
486.584 203.623
486.564 232.69
486.572 258.843
486.581 290.793
486.56 296.611
486.578 409.952
486.562 421.555
486.584 453.542
489.469 130.961
489.485 139.701
489.487 145.512
489.482 157.123
489.49 160.03
489.488 165.856
489.473 168.764
489.474 177.458
489.489 200.703
489.491 215.257
489.482 232.672
489.475 241.395
489.481 282.09
489.487 290.806
489.477 334.388
489.48 383.792
492.383 154.208
492.386 174.551
492.393 183.268
492.373 337.282
492.383 389.593
492.391 404.14
492.371 421.562
495.292 160.034
495.275 171.664
495.291 258.829
495.286 276.275
495.303 328.574
495.291 331.487
495.298 334.394
495.284 348.923
495.298 357.625
495.278 363.463
495.285 366.35
495.289 401.213
495.282 433.198
498.186 273.366
498.193 305.32
498.198 337.295
498.197 340.215
498.194 348.924
498.199 351.835
501.11 145.495
501.097 200.704
501.087 232.691
501.095 255.931
501.093 261.741
501.108 293.705
501.111 316.943
501.087 377.981
501.093 383.791
501.11 409.936
503.998 183.274
504.014 209.441
504.013 247.205
504.021 316.96
504.014 325.661
504.018 331.483
504.019 375.06
503.997 383.78
504.017 398.32
504.01 407.042
504.006 412.843
506.919 206.52
506.924 218.144
506.91 221.057
506.91 229.77
506.916 284.995
506.927 302.428
506.92 340.213
506.901 360.542
506.914 366.361
506.914 369.255
506.923 412.837
509.82 215.251
509.812 238.5
509.809 244.292
509.812 282.095
509.827 293.692
509.807 383.783
509.825 433.179
512.715 191.995
512.736 232.693
512.724 253.014
512.721 287.888
512.714 302.421
512.717 316.967
512.731 319.85
512.712 328.571
512.735 415.762
515.628 177.465
515.621 186.179
515.616 229.768
515.619 247.226
515.64 270.466
515.624 290.787
515.637 308.25
515.638 314.055
515.622 328.573
515.638 377.971
515.619 395.419
518.527 142.591
518.537 261.743
518.532 290.808
518.524 302.431
518.531 337.303
518.523 351.818
518.524 366.342
518.535 383.802
518.53 436.097
521.431 151.307
521.452 183.274
521.44 232.677
521.442 293.721
521.45 331.481
521.457 351.823
521.444 357.634
521.455 395.409
521.444 438.999
521.437 456.435
521.455 459.345
524.358 177.46
524.362 183.289
524.341 250.125
524.345 258.824
524.338 261.737
524.345 325.68
524.358 337.299
524.359 343.105
524.355 354.726
524.349 389.601
524.357 395.407
524.335 407.047
524.345 418.655
524.337 430.296
524.362 465.148
524.359 473.876
527.243 122.262
527.261 162.939
527.247 189.083
527.252 197.824
527.245 241.403
527.254 290.801
527.264 334.382
527.267 407.043
527.259 476.792
530.168 139.694
530.17 145.506
530.174 171.66
530.171 194.915
530.156 200.73
530.166 258.849
530.147 270.452
530.172 284.982
530.147 290.788
530.146 316.942
530.156 328.576
530.15 343.119
530.15 386.686
530.151 389.617
530.154 401.234
530.163 488.412
533.056 104.831
533.078 107.72
533.072 128.079
533.077 142.608
533.068 162.948
533.056 177.473
533.065 186.178
533.057 189.08
533.055 267.558
533.058 337.293
533.053 360.549
533.051 377.978
533.072 404.143
533.072 415.75
533.058 444.811
533.055 453.539
533.076 462.25
533.068 465.151
535.978 136.782
535.973 142.583
535.958 183.271
535.97 200.722
535.961 203.61
535.979 302.417
535.961 325.674
535.973 375.078
535.963 383.781
535.97 404.143
535.969 415.771
535.969 456.447
535.965 482.6
538.874 125.15
538.89 162.939
538.887 244.297
538.889 255.917
538.891 264.659
538.89 282.071
538.89 287.886
538.878 319.856
538.884 395.414
538.871 398.33
538.878 404.136
538.878 418.664
541.794 93.1992
541.771 130.979
541.784 157.115
541.781 168.75
541.787 192.01
541.791 244.292
541.785 258.844
541.782 261.749
541.774 279.188
541.795 282.069
541.788 325.677
541.772 328.577
541.773 343.103
541.774 354.739
541.774 360.55
541.789 375.085
541.782 433.185
541.777 441.92
541.798 502.927
541.782 505.84
544.682 101.918
544.678 107.735
544.684 122.266
544.697 125.156
544.686 232.691
544.701 284.993
544.691 290.798
544.694 305.343
544.701 314.055
544.701 319.848
544.68 401.217
544.689 407.047
544.676 409.933
544.678 421.581
544.693 470.982
544.702 511.667
544.682 526.176
547.593 81.5669
547.582 145.507
547.593 148.414
547.591 203.614
547.592 215.256
547.581 218.162
547.582 273.37
547.586 311.141
547.586 314.042
547.591 319.869
547.585 369.259
547.604 407.031
550.513 113.536
550.49 116.455
550.488 133.886
550.488 255.922
550.5 258.837
550.51 279.175
550.511 290.812
550.498 343.1
550.508 360.545
550.503 363.449
550.514 372.17
550.507 395.421
550.487 436.091
550.511 444.823
550.49 459.347
550.509 462.245
550.51 523.282
550.508 534.9
553.396 84.4673
553.42 104.823
553.407 110.627
553.413 128.078
553.406 130.959
553.394 151.323
553.42 197.82
553.395 267.54
553.416 279.166
553.421 302.437
553.396 308.242
553.395 395.428
553.397 407.032
553.403 476.771
553.403 482.586
553.394 502.943
553.394 514.548
556.311 145.514
556.327 186.195
556.313 287.894
556.313 363.46
556.327 366.351
556.31 369.252
556.308 401.238
556.323 412.837
556.313 453.529
556.308 459.354
556.306 470.958
556.319 531.989
559.232 69.9448
559.223 72.8677
559.215 101.918
559.226 139.688
559.223 162.933
559.209 296.622
559.23 319.872
559.228 325.671
559.226 392.514
559.209 441.901
559.206 456.429
559.221 465.169
559.208 520.358
559.207 523.273
559.211 534.898
559.229 563.96
559.208 572.666
562.112 46.7124
562.14 49.6211
562.128 67.0347
562.129 308.247
562.12 354.725
562.137 377.974
562.126 380.876
562.126 392.516
562.117 401.231
562.127 404.12
562.121 409.954
562.12 447.727
562.116 462.252
562.119 575.572
565.033 52.52
565.042 93.187
565.025 99.0073
565.034 101.916
565.032 110.627
565.019 113.525
565.017 139.691
565.041 145.515
565.033 302.421
565.034 305.33
565.019 308.225
565.035 337.295
565.041 398.319
565.044 488.396
565.021 511.663
565.028 520.379
565.029 569.766
565.036 581.41
567.934 52.5122
567.95 72.8408
567.928 81.5615
567.927 107.727
567.938 133.875
567.939 136.779
567.945 139.686
567.95 142.595
567.938 148.418
567.927 328.581
567.935 354.726
567.938 427.394
567.948 433.202
567.936 450.622
567.938 479.684
567.926 511.651
567.943 514.552
567.927 517.467
567.945 537.811
567.932 540.727
567.944 543.622
567.936 555.235
567.949 558.138
567.934 578.484
567.947 584.31
570.832 90.2852
570.844 104.834
570.845 113.536
570.83 116.431
570.834 130.984
570.851 139.684
570.833 314.053
570.849 316.945
570.85 343.116
570.856 346.018
570.854 348.907
570.844 369.25
570.854 383.783
570.851 441.919
570.847 488.417
570.839 523.271
570.853 569.763
573.756 55.4111
573.741 119.359
573.756 125.155
573.747 328.59
573.762 337.295
573.744 343.098
573.739 346.001
573.736 363.461
573.751 407.03
573.761 409.94
573.739 421.561
573.743 465.157
573.758 491.302
573.763 494.215
573.756 549.417
573.753 595.919
576.657 46.7046
576.645 64.1484
576.642 93.1943
576.654 128.065
576.668 366.343
576.651 389.597
576.643 468.06
576.668 479.676
576.643 598.84
576.664 604.638
579.547 46.6997
579.552 427.391
579.552 482.596
579.552 537.82
579.566 546.529
579.574 558.141
579.566 572.679
579.573 578.491
582.477 46.7119
582.478 75.7588
582.476 87.373
582.466 130.959
582.475 462.247
582.458 523.269
582.463 529.1
582.454 549.418
582.458 552.334
582.467 563.96
582.454 590.114
585.368 35.0732
585.365 366.357
585.373 398.31
585.376 415.769
585.381 421.583
585.378 462.255
585.363 465.165
585.378 476.79
585.36 514.568
585.373 572.664
588.292 26.3633
588.275 49.6001
588.269 72.8457
588.272 101.915
588.273 128.058
588.289 415.757
588.279 453.532
588.275 563.971
591.181 43.8086
591.199 96.0996
591.177 101.907
591.186 380.876
591.171 386.683
591.187 436.093
591.199 479.688
591.179 491.32
591.196 543.621
591.183 563.962
591.186 572.691
591.177 595.931
591.199 601.735
594.105 67.0332
594.077 87.3984
594.078 90.3008
594.094 392.512
594.083 398.335
594.083 401.229
594.083 404.136
594.097 427.375
594.08 459.358
594.079 462.242
594.085 526.178
594.078 575.576
594.083 595.914
596.999 26.3496
596.996 32.1831
596.996 49.6099
596.996 58.3369
597.003 75.7744
597.009 84.4834
596.986 113.546
597.007 433.197
597.008 473.88
597.005 476.774
596.997 526.197
597.008 552.333
596.987 581.394
597.011 587.205
596.999 595.912
599.902 35.0898
599.889 43.8096
599.904 49.606
599.916 58.3311
599.901 67.0552
599.909 93.2017
599.911 456.44
599.912 473.871
599.896 476.784
599.904 511.663
599.899 523.268
599.916 552.343
599.913 563.958
599.889 569.774
602.794 55.4336
602.817 67.0454
602.814 69.9565
602.811 78.6792
602.812 96.1001
602.808 110.63
602.794 113.536
602.821 401.222
602.815 433.188
602.809 453.531
602.802 462.261
602.812 465.166
602.801 494.218
602.799 517.456
602.82 526.179
602.805 558.162
602.81 584.304
602.815 593.01
602.816 601.743
605.71 11.8379
605.712 14.7344
605.725 29.2617
605.725 43.7871
605.706 49.6157
605.718 96.0972
605.715 453.536
605.722 505.844
605.707 526.179
605.709 532.005
605.707 549.428
605.729 569.774
608.615 14.7451
608.627 436.089
608.624 482.608
608.621 491.324
608.612 500.028
608.633 502.939
611.54 20.543
611.517 35.0742
611.528 49.6187
611.53 450.624
611.538 488.417
611.534 523.274
611.526 540.701
614.441 75.7593
614.423 479.692
614.446 482.582
614.442 604.637
617.33 23.4507
617.344 37.98
617.349 46.707
617.335 67.0527
617.331 69.9375
617.349 75.7725
617.335 87.373
617.349 462.249
617.332 465.15
617.338 468.059
617.348 558.15
617.332 566.88
617.326 569.78
620.254 35.0796
620.238 55.4277
620.242 78.6572
620.231 90.2979
620.231 93.2041
620.243 491.319
620.252 543.609
620.244 584.31
620.256 604.656
623.143 37.9839
623.148 459.355
623.145 494.214
623.163 517.451
623.158 534.889
623.156 549.42
623.139 569.759
623.136 575.58
623.163 578.486
623.139 581.384
626.044 29.2666
626.043 49.5986
626.057 99.0132
626.066 485.511
626.049 494.207
626.056 497.125
626.05 531.996
626.052 561.053
626.069 584.293
626.065 595.921
628.949 17.6274
628.965 64.1333
628.976 505.851
628.965 566.858
631.859 29.2607
631.869 61.2236
631.861 497.136
631.875 517.473
631.873 569.759
631.862 593.008
634.784 14.7222
634.764 26.3691
634.773 87.3799
634.76 90.2812
637.688 20.5405
637.682 40.8877
637.69 90.2852
637.687 511.666
637.686 523.28
637.674 552.346
637.67 555.232
637.686 590.1
640.592 35.082
640.584 49.6172
640.598 58.3174
640.596 72.853
640.595 552.323
640.589 569.761
640.596 598.841
640.595 604.631
643.505 49.6143
643.499 517.464
643.487 552.332
643.487 569.763
643.483 581.382
643.504 584.301
646.401 75.749
646.403 84.4712
646.409 99.0068
646.387 526.173
646.384 549.439
649.312 67.0405
649.309 84.4683
649.318 555.246
649.312 593.01
652.203 23.4409
652.208 32.1689
652.198 35.0684
652.198 40.8789
652.196 61.2222
652.221 72.8438
652.211 81.5845
652.219 90.2812
652.206 546.53
652.205 549.443
652.223 555.255
652.201 561.042
652.215 578.486
655.121 32.1826
655.112 46.6929
655.104 99.021
655.123 107.722
655.13 563.97
658.025 49.6006
658.025 52.502
658.032 61.2388
658.021 90.2773
658.033 104.824
658.031 578.502
658.021 593.016
660.936 52.521
660.935 61.2227
660.927 69.9565
660.928 78.665
660.932 96.0903
660.935 101.903
660.942 578.476
663.836 20.5381
663.826 23.4463
663.833 35.0806
663.844 49.6035
663.844 52.5098
663.834 58.3311
663.827 64.1489
663.819 87.395
663.833 90.2896
663.82 110.624
663.83 572.679
663.831 598.837
663.831 601.739
666.729 104.807
666.736 110.625
669.659 75.75
669.653 78.6523
669.641 113.525
669.653 595.938
672.562 46.7119
672.544 107.736
672.552 113.549
675.466 32.1851
675.47 43.7886
675.458 64.1372
675.467 119.34
678.369 93.2041
678.354 113.542
678.363 125.147
678.373 148.422
681.265 43.79
684.173 43.7812
684.172 52.5269
684.174 64.1387
684.186 81.5718
684.173 148.396
684.18 151.326
687.087 78.6602
687.085 110.633
687.072 151.321
687.088 168.748
689.999 122.26
689.984 194.892
692.9 136.777
692.881 165.858
692.9 186.179
692.907 200.704
695.805 87.3765
695.789 90.2852
695.795 122.246
695.791 125.151
695.801 136.793
695.803 154.216
695.786 165.842
695.812 189.106
698.705 81.5859
698.705 125.154
698.719 186.176
701.615 72.8423
701.617 162.93
701.618 194.907
704.506 81.5767
704.522 87.3823
704.517 104.829
704.507 183.272
707.428 90.2866
707.43 96.1099
707.417 116.437
707.42 142.588
707.424 191.987
710.328 113.546
710.315 154.228
710.321 160.02
710.343 194.896
713.234 171.663
713.248 197.798
716.132 154.231
716.138 171.663
