-1.170623 -0.619608
-1.162945 -0.645113
-1.152029 -0.67118
-1.151428 -0.575128
-1.145036 -0.601501
-1.14394 -0.54665
-1.13334 -0.649715
-1.131079 -0.623449
-1.126214 -0.519674
-1.125395 -0.482307
-1.123471 -0.692343
-1.112505 -0.452359
-1.111476 -0.667145
-1.108096 -0.604611
-1.111753 -0.563888
-1.106533 -0.538665
-1.102087 -0.747042
-1.102471 -0.707348
-1.100558 -0.636281
-1.097343 -0.491858
-1.089327 -0.68314
-1.087231 -0.521386
-1.085344 -0.43298
-1.081267 -0.569451
-1.080408 -0.466092
-1.079479 -0.61705
-1.078412 -0.40538
-1.071113 -0.663396
-1.068952 -0.380748
-1.066186 -0.59011
-1.065629 -0.539671
-1.063753 -0.734136
-1.063165 -0.692079
-1.059633 -0.497594
-1.057921 -0.432118
-1.055522 -0.760019
-1.053874 -0.635844
-1.049793 -0.470539
-1.049501 -0.362309
-1.042637 -0.716049
-1.043 -0.564382
-1.038672 -0.678621
-1.03796 -0.410149
-1.032605 -0.65157
-1.030246 -0.611776
-1.031437 -0.450902
-1.024137 -0.739813
-1.026379 -0.534399
-1.027832 -0.499123
-1.024444 -0.37919
-1.020127 -0.344575
-1.019813 -0.769014
-1.016745 -0.710582
-1.015755 -0.589526
-1.015295 -0.308662
-1.008527 -0.638848
-1.011466 -0.42076
-1.00643 -0.554672
-1.002566 -0.672328
-1.002052 -0.474004
-1.000345 -0.396779
-0.179543 -1.059479
-0.174335 -1.031323
-0.169176 -1.090314
-0.165504 -1.169125
-0.157182 -1.19351
-0.153108 -1.052977
-0.141247 -1.14647
-0.142792 -1.029528
-0.139953 -1.173754
-0.136995 -1.107582
-0.131116 -1.216937
-0.130304 -1.065198
-0.127067 -1.299784
-0.121344 -1.00413
-0.113273 -1.32184
-0.115349 -1.239509
-0.114317 -1.173409
-0.108411 -1.279039
-0.111408 -1.137633
-0.10645 -1.111663
-0.104544 -1.075789
-0.098394 -1.35914
-0.099708 -1.215503
-0.092262 -1.190196
-0.094688 -1.039581
-0.091666 -1.29867
-0.087233 -1.252875
-0.085512 -1.156706
-0.078412 -1.40538
-0.079792 -1.339313
-0.077033 -1.1082
-0.078905 -1.010381
-0.0743 -1.279242
-0.068952 -1.380748
-0.068466 -1.311657
-0.065178 -1.235985
-0.067007 -1.081965
-0.065341 -1.051162
-0.057921 -1.432118
-0.057205 -1.150952
-0.05879 -1.026433
-0.055441 -1.12296
-0.05251 -1.001212
-0.049501 -1.362309
-0.051568 -1.202572
-0.049677 -1.176364
-0.04517 -1.279405
-0.040454 -1.326418
-0.040493 -1.226848
-0.03796 -1.410149
-0.037568 -1.253679
-0.037102 -1.043729
-0.033346 -1.082667
-0.031437 -1.450902
-0.03028 -1.116953
-0.024444 -1.37919
-0.025888 -1.197705
-0.024489 -1.020764
-0.020127 -1.344575
-0.01853 -1.172901
-0.015295 -1.308662
-0.013761 -1.146465
-0.011466 -1.42076
-0.010076 -1.224236
-0.010189 -1.058079
-0.006015 -1.266431
-0.0020520000000001 -1.474004
-0.00034500000000004 -1.396779
-0.99858683 -0.509973
-0.9966133 -0.443026
-0.99307443 -0.747411
-0.9893999 -0.36303
-0.99140626 -0.319915
-0.9858944 -0.703662
-0.9817327 -0.633274
-0.9837139 -0.600032
-0.9818425 -0.543882
-0.9769333 -0.252534
-0.9733063 -0.766105
-0.9725175 -0.51754
-0.9731514 -0.3877
-0.9738217 -0.296751
-0.9692175 -0.658985
-0.9688232 -0.566845
-0.9713068 -0.488257
-0.9703027 -0.41734
-0.9674138 -0.733478
-0.9677795 -0.684781
-0.9638138 -0.453222
-0.963792 -0.353969
-0.957719 -0.326252
-0.9531904 -0.708948
-0.9559806 -0.630209
-0.9538636 -0.539076
-0.9503137 -0.274759
-0.947421 -0.754746
-0.947368 -0.601713
-0.9476961 -0.375304
-0.947511 -0.24285
-0.9439385 -0.476372
-0.9394185 -0.514355
-0.9377478 -0.409999
-0.9374272 -0.351138
-0.9391677 -0.21588
-0.9350795 -0.659401
-0.9350183 -0.437108
-0.9357743 -0.302465
-0.9350311 -0.187986
-0.9298809 -0.628162
-0.9273204 -0.583923
-0.9246607 -0.555176
-0.9267684 -0.258605
-0.9204107 -0.746434
-0.9210475 -0.687962
-0.9233674 -0.493109
-0.9171834 -0.720409
-0.9192958 -0.458444
-0.9193517 -0.38299
-0.9160122 -0.336906
-0.9161926 -0.227442
-0.9188404 -0.155095
-0.9110914 -0.41305
-0.9087761 -0.308479
-0.9074272 -0.659256
-0.9075176 -0.199896
-0.9022878 -0.614352
-0.9016751 -0.588011
-0.899991 -0.76284
-0.899094 -0.525704
-0.897831 -0.490359
-0.896239 -0.275742
-0.892099 -0.446372
-0.891787 -0.730757
-0.891152 -0.383919
-0.89152 -0.358316
-0.890827 -0.219781
-0.885089 -0.701385
-0.88638 -0.421444
-0.884427 -0.245492
-0.882811 -0.636604
-0.881822 -0.549974
-0.882956 -0.188806
-0.881047 -0.157514
-0.880983 -0.127756
-0.87725 -0.33653
-0.872266 -0.674847
-0.875216 -0.584745
-0.872637 -0.473044
-0.871565 -0.508939
-0.869319 -0.304661
-0.870519 -0.271873
-0.864642 -0.733608
-0.865727 -0.402679
-0.866716 -0.100689
-0.861368 -0.428692
-0.85874 -0.618159
-0.856565 -0.203658
-0.853399 -0.756895
-0.852042 -0.540331
-0.854523 -0.354703
-0.855016 -0.244851
-0.850223 -0.697914
-0.849471 -0.5942
-0.849549 -0.452587
-0.84855 -0.383658
-0.849468 -0.323169
-0.847303 -0.641548
-0.845587 -0.507302
-0.847613 -0.179439
-0.846491 -0.132632
-0.841079 -0.480056
-0.841415 -0.10676
-0.839556 -0.670656
-0.838458 -0.051748
-0.833625 -0.567728
-0.829313 -0.737659
-0.829588 -0.434896
-0.829111 -0.40853
-0.83141 -0.153286
-0.824488 -0.709459
-0.826943 -0.286877
-0.825618 -0.242937
-0.821347 -0.626251
-0.821815 -0.597435
-0.823534 -0.532598
-0.820273 -0.360661
-0.822378 -0.080704
-0.82113 -0.029708
-0.819023 -0.65239
-0.818475 -0.20456
-0.812205 -0.388344
-0.813438 -0.335795
-0.812435 -0.179379
-0.808579 -0.68142
-0.808501 -0.553832
-0.809708 -0.480758
-0.809542 -0.454923
-0.809281 -0.114726
-0.806364 -0.303133
-0.804087 -0.152787
-0.802633 -0.580428
-0.803729 -0.514332
-0.801116 -0.277962
-0.799194 -0.743191
-0.796517 -0.710181
-0.793222 -0.610258
-0.793989 -0.080245
-0.789211 -0.637837
-0.788082 -0.4186
-0.790574 -0.248857
-0.79081 -0.0501
-0.785782 -0.392357
-0.787626 -0.333002
-0.786387 -0.222551
-0.786053 -0.005366
-0.78006 -0.4557
-0.783761 -0.361515
-0.78279 -0.19001
-0.779366 -0.664268
-0.778082 -0.572222
-0.7781 -0.51353
-0.779553 -0.301128
-0.772915 -0.740448
-0.773751 -0.691933
-0.773803 -0.158437
-0.772033 -0.123874
-0.775392 -0.098125
-0.771539 -0.269407
-0.767388 -0.537135
-0.767534 -0.479468
-0.765289 -0.434686
-0.764628 -0.029235
-0.761571 -0.714461
-0.760725 -0.33897
-0.760931 -0.061832
-0.759647 -0.614317
-0.758765 -0.247233
-0.75862 -0.215678
-0.755034 -0.652206
-0.753763 -0.411824
-0.753207 -0.186978
-0.74859 -0.748601
-0.751488 -0.678094
-0.751564 -0.584644
-0.749316 -0.500469
-0.744249 -0.38115
-0.747982 -0.306224
-0.746569 -0.119956
-0.742761 -0.559602
-0.742636 -0.015649
-0.738177 -0.453262
-0.737399 -0.275099
-0.73672 -0.144227
-0.739729 -0.095015
-0.735845 -0.713679
-0.734804 -0.478618
-0.735099 -0.237048
-0.734214 -0.056485
-0.729532 -0.342713
-0.731279 -0.208701
-0.725512 -0.665623
-0.724423 -0.537511
-0.721471 -0.69106
-0.720959 -0.634141
-0.722671 -0.599342
-0.72273 -0.427598
-0.72249 -0.184273
-0.71612 -0.03508
-0.713651 -0.495543
-0.713554 -0.390957
-0.715148 -0.304158
-0.715041 -0.08259
-0.710308 -0.364695
-0.708449 -0.238925
-0.710895 -0.129001
-0.711478 -0.0087159999999999
-0.706456 -0.731766
-0.706917 -0.576064
-0.704255 -0.338267
-0.705597 -0.058642
-0.701328 -0.277206
-0.700856 -0.209045
-0.698819 -0.706312
-0.698627 -0.614892
-0.699431 -0.518018
-0.697341 -0.470268
-0.699037 -0.440652
-0.693116 -0.179069
-0.693692 -0.151041
-0.69099 -0.668112
-0.688359 -0.385606
-0.689959 -0.316394
-0.690085 -0.10048
-0.684581 -0.643256
-0.687717 -0.411494
-0.684982 -0.359276
-0.683199 -0.565416
-0.682395 -0.53719
-0.682548 -0.495138
-0.682241 -0.249838
-0.68214 -0.124939
-0.68117 -0.050111
-0.683405 -0.015004
-0.672595 -0.594761
-0.67219 -0.438683
-0.672067 -0.337007
-0.67284 -0.225729
-0.668396 -0.466833
-0.669681 -0.276821
-0.667053 -0.18266
-0.667423 -0.078906
-0.66373 -0.394307
-0.663351 -0.148641
-0.657181 -0.688812
-0.65812 -0.622758
-0.659988 -0.554497
-0.657278 -0.014515
-0.654348 -0.517247
-0.654209 -0.119552
-0.648355 -0.580046
-0.650905 -0.417356
-0.648915 -0.358053
-0.649455 -0.324993
-0.648467 -0.049864
-0.644029 -0.442367
-0.644095 -0.25452
-0.644745 -0.21096
-0.642754 -0.654432
-0.642694 -0.493776
-0.643111 -0.298236
-0.638035 -0.603857
-0.63659 -0.541565
-0.639289 -0.383747
-0.633764 -0.469152
-0.635472 -0.185696
-0.63454 -0.079684
-0.629723 -0.628045
-0.625624 -0.681794
-0.627115 -0.406997
-0.626541 -0.156923
-0.625006 -0.107281
-0.620005 -0.354068
-0.623601 -0.325786
-0.616388 -0.655687
-0.619733 -0.579646
-0.617687 -0.440551
-0.617428 -0.274548
-0.61792 -0.246855
-0.616836 -0.028475
-0.608753 -0.51698
-0.610441 -0.479894
-0.611974 -0.302404
-0.604065 -0.618512
-0.606011 -0.224087
-0.604849 -0.088961
-0.603344 -0.551549
-0.601435 -0.412862
-0.603451 -0.138378
-0.601591 -0.061864
-0.599745 -0.679586
-0.598126 -0.332573
-0.593587 -0.376776
-0.592714 -0.185378
-0.58943 -0.652817
-0.590567 -0.578627
-0.591882 -0.440525
-0.588189 -0.258221
-0.590657 -0.023358
-0.586582 -0.469149
-0.580638 -0.302821
-0.583767 -0.210439
-0.583586 -0.105076
-0.57608 -0.62265
-0.579937 -0.4975
-0.577341 -0.131553
-0.577589 -0.074039
-0.576886 -0.047613
-0.573077 -0.350428
-0.570052 -0.597108
-0.570595 -0.537464
-0.570645 -0.406134
-0.56664 -0.445008
-0.566812 -0.376235
-0.564491 -0.16431
-0.561439 -0.651222
-0.560972 -0.470333
-0.563446 -0.273714
-0.563237 -0.238318
-0.559877 -0.560833
-0.557817 -0.204161
-0.559994 -0.025638
-0.555794 -0.511119
-0.552305 -0.067439
-0.549806 -0.624977
-0.549996 -0.424844
-0.550602 -0.306084
-0.550052 -0.111035
-0.547142 -0.350726
-0.542961 -0.394725
-0.538877 -0.600624
-0.538197 -0.482227
-0.537962 -0.143309
-0.533368 -0.543229
-0.53243 -0.197443
-0.531068 -0.268298
-0.531736 -0.089712
-0.525327 -0.576613
-0.524865 -0.415354
-0.52471 -0.335682
-0.526587 -0.063734
-0.524738 -0.034373
-0.523761 -0.631646
-0.52358 -0.512285
-0.520439 -0.450987
-0.520837 -0.378681
-0.520869 -0.304721
-0.52104 -0.224567
-0.522408 -0.12287
-0.519722 -0.170173
-0.505439 -0.088051
-0.505296 -0.017404
-0.502513 -0.610332
-0.500999 -0.551333
-0.502253 -0.494797
-0.50119 -0.354052
-0.496854 -0.520363
-0.499344 -0.062348
-0.49205 -0.46409
-0.494072 -0.328775
-0.495084 -0.193587
-0.491521 -0.255499
-0.489294 -0.147886
-0.487359 -0.401839
-0.484095 -0.285776
-0.487052 -0.226244
-0.481994 -0.590925
-0.48182 -0.429316
-0.483226 -0.037903
-0.482309 -0.006194
-0.476584 -0.121238
-0.478791 -0.094838
-0.475931 -0.539956
-0.472081 -0.308945
-0.468824 -0.566624
-0.464206 -0.513412
-0.467648 -0.377209
-0.466547 -0.350382
-0.465363 -0.256032
-0.464611 -0.192555
-0.461092 -0.448606
-0.461304 -0.41046
-0.46352 -0.162899
-0.458378 -0.222656
-0.458656 -0.067019
-0.452768 -0.485547
-0.455703 -0.031191
-0.444796 -0.096841
-0.444216 -0.001395
-0.441982 -0.535313
-0.441106 -0.373169
-0.443856 -0.302992
-0.441008 -0.242774
-0.438468 -0.346461
-0.439952 -0.27107
-0.436129 -0.208957
-0.437903 -0.156058
-0.436679 -0.123019
-0.434786 -0.405296
-0.428536 -0.510152
-0.430016 -0.471939
-0.431537 -0.441972
-0.424812 -0.058848
-0.420194 -0.010696
-0.417107 -0.256204
-0.416337 -0.177057
-0.415109 -0.224128
-0.410609 -0.354642
-0.410643 -0.298147
-0.409154 -0.142194
-0.408986 -0.08984
-0.404497 -0.379904
-0.406931 -0.328749
-0.403099 -0.455533
-0.398304 -0.41508
-0.3977 -0.274862
-0.397339 -0.118546
-0.39793 -0.052413
-0.395223 -0.240548
-0.394115 -0.005018
-0.389049 -0.163369
-0.384526 -0.210214
-0.384153 -0.082915
-0.383772 -0.028553
-0.376136 -0.355743
-0.376371 -0.18558
-0.374922 -0.383021
-0.373444 -0.329509
-0.374575 -0.262898
-0.375237 -0.137768
-0.371993 -0.290724
-0.371366 -0.059397
-0.364375 -0.238475
-0.353561 -0.117986
-0.349799 -0.182585
-0.350729 -0.082967
-0.34461 -0.2559
-0.344357 -0.054735
-0.346693 -0.021713
-0.341067 -0.283796
-0.342545 -0.224557
-0.342832 -0.152426
-0.330563 -0.308818
-0.328445 -0.108817
-0.325738 -0.172684
-0.324343 -0.071519
-0.318443 -0.133834
-0.317723 -0.046727
-0.318036 -0.017339
-0.312637 -0.26988
-0.314047 -0.244235
-0.309148 -0.197703
-0.299523 -0.171413
-0.299322 -0.083872
-0.29344 -0.14408
-0.292645 -0.055166
-0.289063 -0.21752
-0.29038 -0.116157
-0.291218 -0.018157
-0.271984 -0.178501
-0.267372 -0.131699
-0.267355 -0.097691
-0.26553 -0.026086
-0.258619 -0.155817
-0.253311 -0.06785
-0.240713 -0.103518
-0.236142 -0.029754
-0.232658 -0.152653
-0.214758 -0.119835
-0.208279 -0.091462
-0.211333 -0.062473
-0.200415 -0.032178
-0.179415 -0.9598445
-0.179543 -0.059479
-0.174336 -0.99152247
-0.174335 -0.031323
-0.169176 -0.090314
-0.165125 -0.9157414
-0.157519 -0.881489
-0.152542 -0.9673182
-0.153108 -0.052977
-0.14871 -0.9984764
-0.147275 -0.9357116
-0.142792 -0.029528
-0.138017 -0.9113578
-0.134038 -0.832344
-0.131534 -0.882264
-0.130304 -0.065198
-0.122929 -0.9775219
-0.121344 -0.00413
-0.117671 -0.859822
-0.115876 -0.948779
-0.112322 -0.9217923
-0.108658 -0.895605
-0.104579 -0.829889
-0.094666 -0.9840008
-0.094688 -0.039581
-0.09175 -0.868743
-0.084967 -0.9419871
-0.078681 -0.822571
-0.078106 -0.79676
-0.078905 -0.010381
-0.071217 -0.9704252
-0.070548 -0.9174869
-0.06857 -0.850529
-0.065406 -0.877292
-0.056613 -0.9476733
-0.055522 -0.760019
-0.05251 -0.001212
-0.047529 -0.826628
-0.045528 -0.786198
-0.04194 -0.888267
-0.041564 -0.862596
-0.036977 -0.9279643
-0.028749 -0.806856
-0.024137 -0.739813
-0.023002 -0.9667767
-0.019881 -0.9060819
-0.019813 -0.769014
-0.01425 -0.99341139
-0.012127 -0.87199
-0.013227 -0.829101
-0.008626 -0.9454915
-0.003677 -0.793601
-0.81317 0.0161906
-0.793551 0.0335923
-0.788079 0.0751395
-0.774093 0.108147
-0.770532 0.0204824
-0.77008 0.0538047
-0.746669 0.082734
-0.741829 0.0440258
-0.742091 0.185921
-0.74266 0.214132
-0.736946 0.117736
-0.739469 0.143439
-0.729108 0.0117097
-0.723873 0.0668616
-0.72095 0.166118
-0.717623 0.197257
-0.719759 0.245793
-0.715973 0.101092
-0.704412 0.145635
-0.706456 0.268234
-0.702852 0.0405938
-0.697244 0.0152519
-0.696112 0.0708818
-0.698274 0.120269
-0.698819 0.293688
-0.698627 0.385108
-0.695199 0.182176
-0.693369 0.232596
-0.69099 0.331888
-0.684581 0.356744
-0.681952 0.205425
-0.682056 0.258329
-0.683199 0.434584
-0.682395 0.46281
-0.679759 0.09166
-0.673986 0.155828
-0.672595 0.405239
-0.67183 0.0270051
-0.668282 0.117711
-0.668354 0.181594
-0.668396 0.533167
-0.667071 0.236495
-0.66373 0.605693
-0.659162 0.0556007
-0.659302 0.27095
-0.657181 0.311188
-0.65812 0.377242
-0.659988 0.445503
-0.652346 0.0970332
-0.654348 0.482753
-0.648355 0.419954
-0.650905 0.582644
-0.648915 0.641947
-0.649455 0.675007
-0.647847 0.00949029
-0.646016 0.131584
-0.64783 0.200813
-0.644029 0.557633
-0.644095 0.74548
-0.643118 0.227181
-0.642754 0.345568
-0.642694 0.506224
-0.643111 0.701764
-0.637489 0.168978
-0.638035 0.396143
-0.63659 0.458435
-0.639289 0.616253
-0.635301 0.282935
-0.633764 0.530848
-0.629113 0.257597
-0.629723 0.371955
-0.626615 0.0417859
-0.626658 0.086078
-0.625624 0.318206
-0.627115 0.593003
-0.626541 0.843077
-0.623315 0.11604
-0.622263 0.148201
-0.621345 0.20817
-0.620005 0.645932
-0.623601 0.674214
-0.617826 0.233786
-0.616388 0.344313
-0.619733 0.420354
-0.617687 0.559449
-0.617428 0.725452
-0.61792 0.753145
-0.60935 0.0653514
-0.608753 0.48302
-0.610441 0.520106
-0.611974 0.697596
-0.604763 0.00460548
-0.604065 0.381488
-0.606011 0.775913
-0.604849 0.911039
-0.600649 0.192219
-0.603344 0.448451
-0.601435 0.587138
-0.603451 0.861622
-0.601591 0.938136
-0.599208 0.0332373
-0.599413 0.285081
-0.599745 0.320414
-0.598126 0.667427
-0.593587 0.623224
-0.592714 0.814622
-0.59066 0.0982746
-0.591683 0.155727
-0.590011 0.245684
-0.58943 0.347183
-0.590567 0.421373
-0.591882 0.559475
-0.588189 0.741779
-0.590657 0.976642
-0.587629 0.128582
-0.586582 0.530851
-0.580786 0.217689
-0.580638 0.697179
-0.583767 0.789561
-0.583586 0.894924
-0.578013 0.00215416
-0.57608 0.37735
-0.579937 0.5025
-0.577341 0.868447
-0.577589 0.925961
-0.576886 0.952387
-0.572212 0.292113
-0.573077 0.649572
-0.570884 0.0711554
-0.5705 0.320738
-0.570052 0.402892
-0.570595 0.462536
-0.570645 0.593866
-0.565634 0.036943
-0.564731 0.179524
-0.56664 0.554992
-0.566812 0.623765
-0.564491 0.83569
-0.561439 0.348778
-0.560972 0.529667
-0.563446 0.726286
-0.563237 0.761682
-0.556646 0.109737
-0.55907 0.266472
-0.559877 0.439167
-0.557817 0.795839
-0.559994 0.974362
-0.55233 0.146769
-0.555604 0.230775
-0.555794 0.488881
-0.552305 0.932561
-0.551052 0.00996114
-0.54836 0.206027
-0.549806 0.375023
-0.549996 0.575156
-0.550602 0.693916
-0.550052 0.888965
-0.547142 0.649274
-0.543491 0.072616
-0.543058 0.287903
-0.540692 0.314656
-0.542961 0.605275
-0.538877 0.399376
-0.538197 0.517773
-0.537962 0.856691
-0.53205 0.0276615
-0.532958 0.173553
-0.534776 0.246462
-0.534904 0.342498
-0.533368 0.456771
-0.53243 0.802557
-0.530466 0.0956384
-0.531068 0.731702
-0.531736 0.910288
-0.526504 0.0528803
-0.527814 0.134762
-0.525327 0.423387
-0.524865 0.584646
-0.52471 0.664318
-0.526587 0.936266
-0.524738 0.965627
-0.523761 0.368354
-0.52358 0.487715
-0.520439 0.549013
-0.520837 0.621319
-0.520869 0.695279
-0.52104 0.775433
-0.522408 0.87713
-0.519914 0.0037442
-0.51681 0.226572
-0.519722 0.829827
-0.512143 0.196982
-0.515743 0.304764
-0.508969 0.159112
-0.510431 0.333685
-0.504807 0.104307
-0.505439 0.911949
-0.505296 0.982596
-0.500043 0.0205168
-0.50215 0.0757892
-0.502513 0.389668
-0.500999 0.448667
-0.502253 0.505203
-0.50119 0.645948
-0.499072 0.265133
-0.496482 0.355139
-0.496854 0.479637
-0.499344 0.937652
-0.49205 0.53591
-0.494072 0.671225
-0.495084 0.806413
-0.490057 0.240266
-0.49169 0.316068
-0.491521 0.744501
-0.489294 0.852114
-0.485533 0.0517507
-0.487514 0.126152
-0.487802 0.181604
-0.487359 0.598161
-0.484095 0.714224
-0.487052 0.773756
-0.481994 0.409075
-0.48182 0.570684
-0.483226 0.962097
-0.482309 0.993806
-0.477904 0.15253
-0.476584 0.878762
-0.478791 0.905162
-0.474032 0.206518
-0.475526 0.285269
-0.474886 0.338621
-0.475931 0.460044
-0.472081 0.691055
-0.468824 0.433376
-0.466922 0.0157454
-0.464206 0.486588
-0.467648 0.622791
-0.466547 0.649618
-0.465363 0.743968
-0.464611 0.807445
-0.4634 0.0955093
-0.460094 0.127976
-0.463351 0.237671
-0.461092 0.551394
-0.461304 0.58954
-0.46352 0.837101
-0.456546 0.383549
-0.458378 0.777344
-0.458656 0.932981
-0.455386 0.0487911
-0.453015 0.322954
-0.452768 0.514453
-0.455703 0.968809
-0.451121 0.173783
-0.449291 0.260633
-0.450904 0.409317
-0.445573 0.356948
-0.444796 0.903159
-0.444216 0.998605
-0.441823 0.0259301
-0.440507 0.0750422
-0.440368 0.218152
-0.443303 0.436996
-0.441982 0.464687
-0.441106 0.626831
-0.443856 0.697008
-0.441008 0.757226
-0.437716 0.289933
-0.438468 0.653539
-0.439952 0.72893
-0.436129 0.791043
-0.437903 0.843942
-0.436679 0.876981
-0.435993 0.140843
-0.434786 0.594704
-0.428943 0.0502664
-0.431291 0.104781
-0.428536 0.489848
-0.430016 0.528061
-0.431537 0.558028
-0.426401 0.182509
-0.424572 0.326024
-0.424812 0.941152
-0.421849 0.235959
-0.420194 0.989304
-0.41679 0.261329
-0.417319 0.354787
-0.41655 0.413942
-0.417107 0.743796
-0.416337 0.822943
-0.414218 0.38459
-0.415109 0.775872
-0.410501 0.143116
-0.410481 0.464048
-0.410609 0.645358
-0.410643 0.701853
-0.409154 0.857806
-0.408986 0.91016
-0.404582 0.439019
-0.404497 0.620096
-0.406931 0.671251
-0.402917 0.108374
-0.401152 0.217765
-0.400603 0.316193
-0.403099 0.544467
-0.396639 0.0204693
-0.398759 0.0513163
-0.3998 0.187979
-0.399671 0.288291
-0.399039 0.487894
-0.398291 0.513931
-0.398304 0.58492
-0.3977 0.725138
-0.397339 0.881454
-0.39793 0.947587
-0.393175 0.0793762
-0.395223 0.759452
-0.394115 0.994982
-0.390608 0.34557
-0.391325 0.372433
-0.389049 0.836631
-0.387079 0.157804
-0.384828 0.255236
-0.384526 0.789786
-0.384153 0.917085
-0.381444 0.427814
-0.383772 0.971447
-0.376036 0.227119
-0.376136 0.644257
-0.376371 0.81442
-0.373738 0.13053
-0.374749 0.317918
-0.37296 0.403372
-0.372975 0.475329
-0.374775 0.551798
-0.373432 0.578108
-0.374922 0.616979
-0.373444 0.670491
-0.374575 0.737102
-0.375237 0.862232
-0.369811 0.105094
-0.371993 0.709276
-0.371366 0.940603
-0.364331 0.272655
-0.366321 0.527555
-0.364375 0.761525
-0.363945 0.0108917
-0.36349 0.0541615
-0.361721 0.0799442
-0.36371 0.19388
-0.360321 0.502216
-0.357742 0.152769
-0.357295 0.444963
-0.353657 0.240026
-0.355661 0.596957
-0.353561 0.882014
-0.34954 0.303009
-0.350928 0.372822
-0.348351 0.546836
-0.349799 0.817415
-0.350729 0.917033
-0.346081 0.119284
-0.344659 0.341514
-0.345287 0.573425
-0.346259 0.624655
-0.34461 0.7441
-0.344357 0.945265
-0.346693 0.978287
-0.343105 0.037181
-0.34179 0.212198
-0.341067 0.716204
-0.342545 0.775443
-0.342832 0.847574
-0.338866 0.0051351
-0.336851 0.0699711
-0.336792 0.173571
-0.339706 0.424162
-0.336798 0.514336
-0.335729 0.27224
-0.332022 0.488406
-0.329199 0.142449
-0.329263 0.658037
-0.330563 0.691182
-0.328445 0.891183
-0.32645 0.0952565
-0.325077 0.317107
-0.326425 0.389675
-0.327749 0.457359
-0.324398 0.536815
-0.325738 0.827316
-0.324343 0.928481
-0.320297 0.612238
-0.319751 0.348232
-0.317647 0.569218
-0.318443 0.866166
-0.317723 0.953273
-0.318036 0.982661
-0.314459 0.0282007
-0.314949 0.226851
-0.312637 0.73012
-0.314047 0.755765
-0.308474 0.507585
-0.309148 0.802297
-0.305922 0.119556
-0.307586 0.183214
-0.306196 0.297512
-0.307515 0.441642
-0.304517 0.687928
-0.301112 0.087467
-0.300696 0.366563
-0.298313 0.0513089
-0.298734 0.152727
-0.29762 0.259432
-0.298228 0.322179
-0.297276 0.470717
-0.297806 0.539457
-0.298337 0.641443
-0.299523 0.828587
-0.299322 0.916128
-0.295242 0.418782
-0.29344 0.85592
-0.292645 0.944834
-0.288827 0.393698
-0.28934 0.743227
-0.289063 0.78248
-0.29038 0.883843
-0.291218 0.981843
-0.284349 0.00949347
-0.284467 0.22673
-0.2846 0.345364
-0.286934 0.582172
-0.287523 0.713704
-0.282822 0.173267
-0.280034 0.286956
-0.280238 0.674611
-0.278929 0.198804
-0.279142 0.442476
-0.277763 0.492098
-0.272319 0.0691617
-0.273159 0.370823
-0.275157 0.611994
-0.271969 0.0412313
-0.269667 0.54242
-0.271984 0.821499
-0.264865 0.12447
-0.267662 0.316386
-0.264283 0.516731
-0.267372 0.868301
-0.267355 0.902309
-0.26553 0.973914
-0.262913 0.0929564
-0.263455 0.742615
-0.258476 0.0104295
-0.257261 0.167045
-0.258979 0.24407
-0.259653 0.399564
-0.259924 0.588262
-0.258619 0.844183
-0.25263 0.274308
-0.255511 0.428614
-0.254589 0.563084
-0.254813 0.654372
-0.253311 0.93215
-0.250443 0.218481
-0.251497 0.462118
-0.250607 0.627314
-0.25162 0.693743
-0.25149 0.766505
-0.250122 0.800597
-0.244566 0.0380844
-0.246973 0.143161
-0.245656 0.347253
-0.245915 0.376729
-0.240622 0.19238
-0.24306 0.499345
-0.240713 0.896482
-0.236142 0.970246
-0.23399 0.099967
-0.232658 0.41036
-0.234196 0.545745
-0.23353 0.713587
-0.232658 0.847347
-0.2307 0.0722596
-0.230549 0.306903
-0.230305 0.572193
-0.230374 0.607163
-0.227524 0.256799
-0.225771 0.646066
-0.225707 0.780736
-0.220628 0.138303
-0.220826 0.173834
-0.221328 0.384056
-0.21695 0.00110083
-0.217028 0.046446
-0.21862 0.209052
-0.219321 0.441809
-0.219191 0.750035
-0.216334 0.827251
-0.214729 0.359124
-0.214596 0.483237
-0.212266 0.670027
-0.214758 0.880165
-0.208273 0.236037
-0.210016 0.330722
-0.208279 0.908538
-0.211333 0.937527
-0.205193 0.0784042
-0.20452 0.403881
-0.20606 0.520243
-0.204702 0.604037
-0.206927 0.716543
-0.202536 0.0241599
-0.201965 0.111464
-0.203975 0.286561
-0.201054 0.573291
-0.200415 0.967822
-0.196186 0.377731
-0.199649 0.546552
-0.192174 0.182869
-0.195267 0.260658
-0.19541 0.640006
-0.194584 0.741312
-0.193933 0.767866
-0.189238 0.352483
-0.189244 0.474278
-0.19008 0.809418
-0.188237 0.844533
-0.184041 0.138658
-0.181156 0.225947
-0.180488 0.592208
-0.179415 0.0401555
-0.179496 0.325945
-0.179451 0.421481
-0.179025 0.44902
-0.178143 0.521596
-0.178009 0.620191
-0.176397 0.685679
-0.176667 0.876653
-0.179543 0.940521
-0.174336 0.00847753
-0.172773 0.295939
-0.175 0.72462
-0.174242 0.786078
-0.174335 0.968677
-0.170623 0.380392
-0.170911 0.554281
-0.169176 0.909686
-0.165125 0.0842586
-0.166698 0.170927
-0.16692 0.269719
-0.165504 0.830875
-0.162945 0.354887
-0.160994 0.648236
-0.157519 0.118511
-0.158006 0.146442
-0.158452 0.478054
-0.157182 0.80649
-0.152542 0.0326818
-0.153853 0.19586
-0.153572 0.244217
-0.152029 0.32882
-0.152166 0.519601
-0.155048 0.759053
-0.153108 0.947023
-0.14871 0.0015236
-0.151428 0.424872
-0.151786 0.600207
-0.149299 0.685485
-0.147275 0.0642884
-0.145036 0.398499
-0.141194 0.21812
-0.142617 0.282563
-0.14394 0.45335
-0.143119 0.54817
-0.143452 0.573855
-0.143421 0.723401
-0.141247 0.85353
-0.142792 0.970472
-0.138017 0.0886422
-0.137493 0.631663
-0.139953 0.826246
-0.136995 0.892418
-0.134038 0.167656
-0.13334 0.350285
-0.134827 0.658477
-0.131534 0.117736
-0.131079 0.376551
-0.131116 0.783063
-0.130304 0.934802
-0.126023 0.193541
-0.127463 0.256284
-0.126214 0.480326
-0.125395 0.517693
-0.127067 0.700216
-0.122929 0.0224781
-0.123471 0.307657
-0.121344 0.99587
-0.117671 0.140178
-0.115876 0.051221
-0.112322 0.0782077
-0.114793 0.218998
-0.112505 0.547641
-0.112094 0.61813
-0.113273 0.67816
-0.115349 0.760491
-0.114317 0.826591
-0.108658 0.104395
-0.111476 0.332855
-0.108096 0.395389
-0.111753 0.436112
-0.108411 0.720961
-0.111408 0.862367
-0.104579 0.170111
-0.106533 0.461335
-0.104922 0.592266
-0.10645 0.888337
-0.104544 0.924211
-0.102087 0.252958
-0.102471 0.292652
-0.100558 0.363719
-0.097343 0.508142
-0.098394 0.64086
-0.099708 0.784497
-0.094666 0.0159992
-0.092262 0.809804
-0.094688 0.960419
-0.09175 0.131257
-0.089327 0.31686
-0.091666 0.70133
-0.084967 0.0580129
-0.084714 0.229079
-0.087231 0.478614
-0.085344 0.56702
-0.087233 0.747125
-0.085512 0.843294
-0.081267 0.430549
-0.080408 0.533908
-0.078681 0.177429
-0.078106 0.20324
-0.079479 0.38295
-0.078412 0.59462
-0.079792 0.660687
-0.077033 0.8918
-0.078905 0.989619
-0.0743 0.720758
-0.071217 0.0295748
-0.070548 0.0825131
-0.06857 0.149471
-0.071113 0.336604
-0.068952 0.619252
-0.068466 0.688343
-0.065406 0.122708
-0.066186 0.40989
-0.065629 0.460329
-0.065178 0.764015
-0.067007 0.918035
-0.065341 0.948838
-0.063753 0.265864
-0.063165 0.307921
-0.056613 0.0523267
-0.059633 0.502406
-0.057921 0.567882
-0.057205 0.849048
-0.05879 0.973567
-0.055522 0.239981
-0.053874 0.364156
-0.055441 0.87704
-0.05251 0.998788
-0.049793 0.529461
-0.049501 0.637691
-0.051568 0.797428
-0.049677 0.823636
-0.047529 0.173372
-0.045528 0.213802
-0.04517 0.720595
-0.04194 0.111733
-0.041564 0.137404
-0.042637 0.283951
-0.043 0.435618
-0.040454 0.673582
-0.040493 0.773152
-0.036977 0.0720357
-0.038672 0.321379
-0.03796 0.589851
-0.037568 0.746321
-0.037102 0.956271
-0.032605 0.34843
-0.033346 0.917333
-0.028749 0.193144
-0.030246 0.388224
-0.031437 0.549098
-0.03028 0.883047
-0.024137 0.260187
-0.026379 0.465601
-0.027832 0.500877
-0.024444 0.62081
-0.025888 0.802295
-0.024489 0.979236
-0.023002 0.0332233
-0.020127 0.655425
-0.019881 0.0939181
-0.019813 0.230986
-0.016745 0.289418
-0.01853 0.827099
-0.012127 0.12801
-0.013227 0.170899
-0.015755 0.410474
-0.015295 0.691338
-0.013761 0.853535
-0.008626 0.0545085
-0.008527 0.361152
-0.011466 0.57924
-0.010076 0.775764
-0.010189 0.941921
-0.00643 0.445328
-0.006015 0.733569
-0.003677 0.206399
-0.002566 0.327672
-0.0020520000000001 0.525996
-0.00034500000000004 0.603221
-0.604763 1.00460548
-0.599208 1.0332373
-0.59066 1.0982746
-0.578013 1.00215416
-0.570884 1.0711554
-0.565634 1.036943
-0.564731 1.179524
-0.556646 1.109737
-0.55907 1.266472
-0.55233 1.146769
-0.555604 1.230775
-0.551052 1.00996114
-0.54836 1.206027
-0.543491 1.072616
-0.543058 1.287903
-0.540692 1.314656
-0.53205 1.0276615
-0.532958 1.173553
-0.534776 1.246462
-0.534904 1.342498
-0.530466 1.0956384
-0.526504 1.0528803
-0.527814 1.134762
-0.525327 1.423387
-0.523761 1.368354
-0.519914 1.0037442
-0.51681 1.226572
-0.512143 1.196982
-0.515743 1.304764
-0.508969 1.159112
-0.510431 1.333685
-0.504807 1.104307
-0.500043 1.0205168
-0.50215 1.0757892
-0.502513 1.389668
-0.500999 1.448667
-0.502253 1.505203
-0.499072 1.265133
-0.496482 1.355139
-0.496854 1.479637
-0.49205 1.53591
-0.490057 1.240266
-0.49169 1.316068
-0.485533 1.0517507
-0.487514 1.126152
-0.487802 1.181604
-0.487359 1.598161
-0.481994 1.409075
-0.48182 1.570684
-0.477904 1.15253
-0.474032 1.206518
-0.475526 1.285269
-0.474886 1.338621
-0.475931 1.460044
-0.468824 1.433376
-0.466922 1.0157454
-0.464206 1.486588
-0.467648 1.622791
-0.466547 1.649618
-0.4634 1.0955093
-0.460094 1.127976
-0.463351 1.237671
-0.461092 1.551394
-0.461304 1.58954
-0.456546 1.383549
-0.455386 1.0487911
-0.453015 1.322954
-0.452768 1.514453
-0.451121 1.173783
-0.449291 1.260633
-0.450904 1.409317
-0.445573 1.356948
-0.441823 1.0259301
-0.440507 1.0750422
-0.440368 1.218152
-0.443303 1.436996
-0.441982 1.464687
-0.441106 1.626831
-0.443856 1.697008
-0.441008 1.757226
-0.437716 1.289933
-0.438468 1.653539
-0.439952 1.72893
-0.435993 1.140843
-0.434786 1.594704
-0.428943 1.0502664
-0.431291 1.104781
-0.428536 1.489848
-0.430016 1.528061
-0.431537 1.558028
-0.426401 1.182509
-0.424572 1.326024
-0.421849 1.235959
-0.41679 1.261329
-0.417319 1.354787
-0.41655 1.413942
-0.417107 1.743796
-0.416337 1.822943
-0.414218 1.38459
-0.415109 1.775872
-0.410501 1.143116
-0.410481 1.464048
-0.410609 1.645358
-0.410643 1.701853
-0.409154 1.857806
-0.404582 1.439019
-0.404497 1.620096
-0.406931 1.671251
-0.402917 1.108374
-0.401152 1.217765
-0.400603 1.316193
-0.403099 1.544467
-0.396639 1.0204693
-0.398759 1.0513163
-0.3998 1.187979
-0.399671 1.288291
-0.399039 1.487894
-0.398291 1.513931
-0.398304 1.58492
-0.3977 1.725138
-0.397339 1.881454
-0.393175 1.0793762
-0.395223 1.759452
-0.390608 1.34557
-0.391325 1.372433
-0.389049 1.836631
-0.387079 1.157804
-0.384828 1.255236
-0.384526 1.789786
-0.384153 1.917085
-0.381444 1.427814
-0.376036 1.227119
-0.376136 1.644257
-0.376371 1.81442
-0.373738 1.13053
-0.374749 1.317918
-0.37296 1.403372
-0.372975 1.475329
-0.374775 1.551798
-0.373432 1.578108
-0.374922 1.616979
-0.373444 1.670491
-0.374575 1.737102
-0.375237 1.862232
-0.369811 1.105094
-0.371993 1.709276
-0.371366 1.940603
-0.364331 1.272655
-0.366321 1.527555
-0.364375 1.761525
-0.363945 1.0108917
-0.36349 1.0541615
-0.361721 1.0799442
-0.36371 1.19388
-0.360321 1.502216
-0.357742 1.152769
-0.357295 1.444963
-0.353657 1.240026
-0.355661 1.596957
-0.353561 1.882014
-0.34954 1.303009
-0.350928 1.372822
-0.348351 1.546836
-0.349799 1.817415
-0.350729 1.917033
-0.346081 1.119284
-0.344659 1.341514
-0.345287 1.573425
-0.346259 1.624655
-0.34461 1.7441
-0.344357 1.945265
-0.346693 1.978287
-0.343105 1.037181
-0.34179 1.212198
-0.341067 1.716204
-0.342545 1.775443
-0.342832 1.847574
-0.338866 1.0051351
-0.336851 1.0699711
-0.336792 1.173571
-0.339706 1.424162
-0.336798 1.514336
-0.335729 1.27224
-0.332022 1.488406
-0.329199 1.142449
-0.329263 1.658037
-0.330563 1.691182
-0.328445 1.891183
-0.32645 1.0952565
-0.325077 1.317107
-0.326425 1.389675
-0.327749 1.457359
-0.324398 1.536815
-0.325738 1.827316
-0.324343 1.928481
-0.320297 1.612238
-0.319751 1.348232
-0.317647 1.569218
-0.318443 1.866166
-0.317723 1.953273
-0.318036 1.982661
-0.314459 1.0282007
-0.314949 1.226851
-0.312637 1.73012
-0.314047 1.755765
-0.308474 1.507585
-0.309148 1.802297
-0.305922 1.119556
-0.307586 1.183214
-0.306196 1.297512
-0.307515 1.441642
-0.304517 1.687928
-0.301112 1.087467
-0.300696 1.366563
-0.298313 1.0513089
-0.298734 1.152727
-0.29762 1.259432
-0.298228 1.322179
-0.297276 1.470717
-0.297806 1.539457
-0.298337 1.641443
-0.299523 1.828587
-0.299322 1.916128
-0.295242 1.418782
-0.29344 1.85592
-0.292645 1.944834
-0.288827 1.393698
-0.28934 1.743227
-0.289063 1.78248
-0.29038 1.883843
-0.291218 1.981843
-0.284349 1.00949347
-0.284467 1.22673
-0.2846 1.345364
-0.286934 1.582172
-0.287523 1.713704
-0.282822 1.173267
-0.280034 1.286956
-0.280238 1.674611
-0.278929 1.198804
-0.279142 1.442476
-0.277763 1.492098
-0.272319 1.0691617
-0.273159 1.370823
-0.275157 1.611994
-0.271969 1.0412313
-0.269667 1.54242
-0.271984 1.821499
-0.264865 1.12447
-0.267662 1.316386
-0.264283 1.516731
-0.267372 1.868301
-0.267355 1.902309
-0.26553 1.973914
-0.262913 1.0929564
-0.263455 1.742615
-0.258476 1.0104295
-0.257261 1.167045
-0.258979 1.24407
-0.259653 1.399564
-0.259924 1.588262
-0.258619 1.844183
-0.25263 1.274308
-0.255511 1.428614
-0.254589 1.563084
-0.254813 1.654372
-0.253311 1.93215
-0.250443 1.218481
-0.251497 1.462118
-0.250607 1.627314
-0.25162 1.693743
-0.25149 1.766505
-0.250122 1.800597
-0.244566 1.0380844
-0.246973 1.143161
-0.245656 1.347253
-0.245915 1.376729
-0.240622 1.19238
-0.24306 1.499345
-0.240713 1.896482
-0.236142 1.970246
-0.23399 1.099967
-0.232658 1.41036
-0.234196 1.545745
-0.23353 1.713587
-0.232658 1.847347
-0.2307 1.0722596
-0.230549 1.306903
-0.230305 1.572193
-0.230374 1.607163
-0.227524 1.256799
-0.225771 1.646066
-0.225707 1.780736
-0.220628 1.138303
-0.220826 1.173834
-0.221328 1.384056
-0.21695 1.00110083
-0.217028 1.046446
-0.21862 1.209052
-0.219321 1.441809
-0.219191 1.750035
-0.216334 1.827251
-0.214729 1.359124
-0.214596 1.483237
-0.212266 1.670027
-0.214758 1.880165
-0.208273 1.236037
-0.210016 1.330722
-0.208279 1.908538
-0.211333 1.937527
-0.205193 1.0784042
-0.20452 1.403881
-0.20606 1.520243
-0.204702 1.604037
-0.206927 1.716543
-0.202536 1.0241599
-0.201965 1.111464
-0.203975 1.286561
-0.201054 1.573291
-0.200415 1.967822
-0.196186 1.377731
-0.199649 1.546552
-0.192174 1.182869
-0.195267 1.260658
-0.19541 1.640006
-0.194584 1.741312
-0.193933 1.767866
-0.189238 1.352483
-0.189244 1.474278
-0.19008 1.809418
-0.188237 1.844533
-0.184041 1.138658
-0.181156 1.225947
-0.180488 1.592208
-0.179415 1.0401555
-0.179496 1.325945
-0.179451 1.421481
-0.179025 1.44902
-0.178143 1.521596
-0.178009 1.620191
-0.176397 1.685679
-0.176667 1.876653
-0.179543 1.940521
-0.174336 1.00847753
-0.172773 1.295939
-0.175 1.72462
-0.174242 1.786078
-0.174335 1.968677
-0.170623 1.380392
-0.170911 1.554281
-0.169176 1.909686
-0.165125 1.0842586
-0.166698 1.170927
-0.16692 1.269719
-0.165504 1.830875
-0.162945 1.354887
-0.160994 1.648236
-0.157519 1.118511
-0.158006 1.146442
-0.158452 1.478054
-0.157182 1.80649
-0.152542 1.0326818
-0.153853 1.19586
-0.153572 1.244217
-0.152029 1.32882
-0.152166 1.519601
-0.155048 1.759053
-0.153108 1.947023
-0.14871 1.0015236
-0.151428 1.424872
-0.151786 1.600207
-0.149299 1.685485
-0.147275 1.0642884
-0.145036 1.398499
-0.141194 1.21812
-0.142617 1.282563
-0.14394 1.45335
-0.143119 1.54817
-0.143452 1.573855
-0.143421 1.723401
-0.141247 1.85353
-0.142792 1.970472
-0.138017 1.0886422
-0.137493 1.631663
-0.139953 1.826246
-0.136995 1.892418
-0.134038 1.167656
-0.13334 1.350285
-0.134827 1.658477
-0.131534 1.117736
-0.131079 1.376551
-0.131116 1.783063
-0.130304 1.934802
-0.126023 1.193541
-0.127463 1.256284
-0.126214 1.480326
-0.125395 1.517693
-0.127067 1.700216
-0.122929 1.0224781
-0.123471 1.307657
-0.121344 1.99587
-0.117671 1.140178
-0.115876 1.051221
-0.112322 1.0782077
-0.114793 1.218998
-0.112505 1.547641
-0.112094 1.61813
-0.113273 1.67816
-0.115349 1.760491
-0.114317 1.826591
-0.108658 1.104395
-0.111476 1.332855
-0.108096 1.395389
-0.111753 1.436112
-0.108411 1.720961
-0.111408 1.862367
-0.104579 1.170111
-0.106533 1.461335
-0.104922 1.592266
-0.10645 1.888337
-0.104544 1.924211
-0.102087 1.252958
-0.102471 1.292652
-0.100558 1.363719
-0.097343 1.508142
-0.098394 1.64086
-0.099708 1.784497
-0.094666 1.0159992
-0.092262 1.809804
-0.094688 1.960419
-0.09175 1.131257
-0.089327 1.31686
-0.091666 1.70133
-0.084967 1.0580129
-0.084714 1.229079
-0.087231 1.478614
-0.085344 1.56702
-0.087233 1.747125
-0.085512 1.843294
-0.081267 1.430549
-0.080408 1.533908
-0.078681 1.177429
-0.078106 1.20324
-0.079479 1.38295
-0.078412 1.59462
-0.079792 1.660687
-0.077033 1.8918
-0.078905 1.989619
-0.0743 1.720758
-0.071217 1.0295748
-0.070548 1.0825131
-0.06857 1.149471
-0.071113 1.336604
-0.068952 1.619252
-0.068466 1.688343
-0.065406 1.122708
-0.066186 1.40989
-0.065629 1.460329
-0.065178 1.764015
-0.067007 1.918035
-0.065341 1.948838
-0.063753 1.265864
-0.063165 1.307921
-0.056613 1.0523267
-0.059633 1.502406
-0.057921 1.567882
-0.057205 1.849048
-0.05879 1.973567
-0.055522 1.239981
-0.053874 1.364156
-0.055441 1.87704
-0.05251 1.998788
-0.049793 1.529461
-0.049501 1.637691
-0.051568 1.797428
-0.049677 1.823636
-0.047529 1.173372
-0.045528 1.213802
-0.04517 1.720595
-0.04194 1.111733
-0.041564 1.137404
-0.042637 1.283951
-0.043 1.435618
-0.040454 1.673582
-0.040493 1.773152
-0.036977 1.0720357
-0.038672 1.321379
-0.03796 1.589851
-0.037568 1.746321
-0.037102 1.956271
-0.032605 1.34843
-0.033346 1.917333
-0.028749 1.193144
-0.030246 1.388224
-0.031437 1.549098
-0.03028 1.883047
-0.024137 1.260187
-0.026379 1.465601
-0.027832 1.500877
-0.024444 1.62081
-0.025888 1.802295
-0.024489 1.979236
-0.023002 1.0332233
-0.020127 1.655425
-0.019881 1.0939181
-0.019813 1.230986
-0.016745 1.289418
-0.01853 1.827099
-0.01425 1.00658861
-0.012127 1.12801
-0.013227 1.170899
-0.015755 1.410474
-0.015295 1.691338
-0.013761 1.853535
-0.008626 1.0545085
-0.008527 1.361152
-0.011466 1.57924
-0.010076 1.775764
-0.010189 1.941921
-0.00643 1.445328
-0.006015 1.733569
-0.003677 1.206399
-0.002566 1.327672
-0.0020520000000001 1.525996
-0.00034500000000004 1.603221
-0.338866 2.0051351
-0.314459 2.0282007
-0.301112 2.087467
-0.298313 2.0513089
-0.284349 2.00949347
-0.272319 2.0691617
-0.271969 2.0412313
-0.264865 2.12447
-0.262913 2.0929564
-0.258476 2.0104295
-0.257261 2.167045
-0.244566 2.0380844
-0.246973 2.143161
-0.240622 2.19238
-0.23399 2.099967
-0.2307 2.0722596
-0.220628 2.138303
-0.220826 2.173834
-0.21695 2.00110083
-0.217028 2.046446
-0.21862 2.209052
-0.208273 2.236037
-0.205193 2.0784042
-0.202536 2.0241599
-0.201965 2.111464
-0.192174 2.182869
-0.195267 2.260658
-0.184041 2.138658
-0.181156 2.225947
-0.179415 2.0401555
-0.174336 2.00847753
-0.165125 2.0842586
-0.166698 2.170927
-0.16692 2.269719
-0.157519 2.118511
-0.158006 2.146442
-0.152542 2.0326818
-0.153853 2.19586
-0.153572 2.244217
-0.14871 2.0015236
-0.147275 2.0642884
-0.141194 2.21812
-0.142617 2.282563
-0.138017 2.0886422
-0.134038 2.167656
-0.131534 2.117736
-0.126023 2.193541
-0.127463 2.256284
-0.122929 2.0224781
-0.123471 2.307657
-0.117671 2.140178
-0.115876 2.051221
-0.112322 2.0782077
-0.114793 2.218998
-0.108658 2.104395
-0.111476 2.332855
-0.104579 2.170111
-0.102087 2.252958
-0.102471 2.292652
-0.094666 2.0159992
-0.09175 2.131257
-0.089327 2.31686
-0.084967 2.0580129
-0.084714 2.229079
-0.078681 2.177429
-0.078106 2.20324
-0.071217 2.0295748
-0.070548 2.0825131
-0.06857 2.149471
-0.071113 2.336604
-0.065406 2.122708
-0.063753 2.265864
-0.063165 2.307921
-0.056613 2.0523267
-0.055522 2.239981
-0.053874 2.364156
-0.047529 2.173372
-0.045528 2.213802
-0.04194 2.111733
-0.041564 2.137404
-0.042637 2.283951
-0.036977 2.0720357
-0.038672 2.321379
-0.032605 2.34843
-0.028749 2.193144
-0.024137 2.260187
-0.023002 2.0332233
-0.019881 2.0939181
-0.019813 2.230986
-0.016745 2.289418
-0.01425 2.00658861
-0.012127 2.12801
-0.013227 2.170899
-0.008626 2.0545085
-0.008527 2.361152
-0.003677 2.206399
-0.002566 2.327672
0.00141317 -1.509973
0.0033867 -1.443026
0.00100323 -1.102792
0.00590505 -1.190001
0.00603902 -1.162716
0.0106001 -1.36303
0.00859374 -1.319915
0.00962777 -1.02434
0.0192662 -1.219088
0.0193663 -1.076991
0.0230667 -1.252534
0.0211021 -1.049246
0.0274825 -1.51754
0.0268486 -1.3877
0.0261783 -1.296751
0.027206 -1.126219
0.0286932 -1.488257
0.0296973 -1.41734
0.0339938 -1.161858
0.0361862 -1.453222
0.036208 -1.353969
0.0380935 -1.192387
0.042281 -1.326252
0.0461364 -1.539076
0.0458522 -1.090318
0.0445768 -1.034133
0.0496863 -1.274759
0.0516585 -1.007697
0.0523039 -1.375304
0.052489 -1.24285
0.0538958 -1.140255
0.0560615 -1.476372
0.0605815 -1.514355
0.0622522 -1.409999
0.0625728 -1.351138
0.0608323 -1.21588
0.0649817 -1.437108
0.0642257 -1.302465
0.0649689 -1.187986
0.0660182 -1.070668
0.068156 -1.113813
0.0753393 -1.555176
0.0732316 -1.258605
0.0766326 -1.493109
0.0807042 -1.458444
0.0806483 -1.38299
0.0839878 -1.336906
0.0838074 -1.227442
0.0811596 -1.155095
0.0819505 -1.091719
0.0868033 -1.039112
0.0865254 -1.007473
0.0889086 -1.41305
0.0912239 -1.308479
0.0924824 -1.199896
0.100906 -1.525704
0.102169 -1.490359
0.103761 -1.275742
0.101018 -1.108949
0.107901 -1.446372
0.104994 -1.066249
0.108848 -1.383919
0.10848 -1.358316
0.109173 -1.219781
0.11362 -1.421444
0.115573 -1.245492
0.115643 -1.039955
0.113653 -1.010928
0.118178 -1.549974
0.117044 -1.188806
0.118953 -1.157514
0.119017 -1.127756
0.12275 -1.33653
0.127363 -1.473044
0.128435 -1.508939
0.130681 -1.304661
0.129481 -1.271873
0.131865 -1.071448
0.134273 -1.402679
0.133284 -1.100689
0.138632 -1.428692
0.13898 -1.027713
0.143435 -1.203658
0.147958 -1.540331
0.145477 -1.354703
0.144984 -1.244851
0.150451 -1.452587
0.15145 -1.383658
0.150532 -1.323169
0.154413 -1.507302
0.152387 -1.179439
0.153509 -1.132632
0.158921 -1.480056
0.158585 -1.10676
0.161542 -1.051748
0.16003 -1.010739
0.170412 -1.434896
0.170889 -1.40853
0.16859 -1.153286
0.173057 -1.286877
0.174382 -1.242937
0.176466 -1.532598
0.179727 -1.360661
0.177622 -1.080704
0.17887 -1.029708
0.181525 -1.20456
0.187795 -1.388344
0.186562 -1.335795
0.187565 -1.179379
0.191499 -1.553832
0.190292 -1.480758
0.190458 -1.454923
0.190719 -1.114726
0.193636 -1.303133
0.195913 -1.152787
0.196271 -1.514332
0.198884 -1.277962
0.206011 -1.080245
0.211918 -1.4186
0.209426 -1.248857
0.20919 -1.0501
0.214218 -1.392357
0.212374 -1.333002
0.213613 -1.222551
0.213947 -1.005366
0.21994 -1.4557
0.216239 -1.361515
0.21721 -1.19001
0.2219 -1.51353
0.220447 -1.301128
0.226197 -1.158437
0.227967 -1.123874
0.224608 -1.098125
0.228461 -1.269407
0.232466 -1.479468
0.234711 -1.434686
0.235372 -1.029235
0.239275 -1.33897
0.239069 -1.061832
0.241235 -1.247233
0.24138 -1.215678
0.246237 -1.411824
0.246793 -1.186978
0.250684 -1.500469
0.255751 -1.38115
0.252018 -1.306224
0.253431 -1.119956
0.257364 -1.015649
0.261823 -1.453262
0.262601 -1.275099
0.26328 -1.144227
0.260271 -1.095015
0.265196 -1.478618
0.264901 -1.237048
0.265786 -1.056485
0.270468 -1.342713
0.268721 -1.208701
0.27727 -1.427598
0.27751 -1.184273
0.28388 -1.03508
0.286446 -1.390957
0.284852 -1.304158
0.284959 -1.08259
0.289692 -1.364695
0.291551 -1.238925
0.289105 -1.129001
0.288522 -1.008716
0.295745 -1.338267
0.294403 -1.058642
0.298672 -1.277206
0.299144 -1.209045
0.300963 -1.440652
0.306884 -1.179069
0.306308 -1.151041
0.311641 -1.385606
0.310041 -1.316394
0.309915 -1.10048
0.312283 -1.411494
0.315018 -1.359276
0.317759 -1.249838
0.31786 -1.124939
0.31883 -1.050111
0.316595 -1.015004
0.327933 -1.337007
0.32716 -1.225729
0.330319 -1.276821
0.332947 -1.18266
0.332577 -1.078906
0.33627 -1.394307
0.336649 -1.148641
0.342722 -1.014515
0.345791 -1.119552
0.351085 -1.358053
0.350545 -1.324993
0.351533 -1.049864
0.355905 -1.25452
0.355255 -1.21096
0.356889 -1.298236
0.364528 -1.185696
0.36546 -1.079684
0.373459 -1.156923
0.374994 -1.107281
0.376399 -1.325786
0.382572 -1.274548
0.38208 -1.246855
0.383164 -1.028475
0.388026 -1.302404
0.393989 -1.224087
0.395151 -1.088961
0.396549 -1.138378
0.398409 -1.061864
0.407286 -1.185378
0.409343 -1.023358
0.416233 -1.210439
0.416414 -1.105076
0.422659 -1.131553
0.422411 -1.074039
0.423114 -1.047613
0.440006 -1.025638
0.447695 -1.067439
0.00692557 -0.747411
0.00803418 -0.9776456
0.00881819 -0.907965
0.0156179 -0.9346382
0.0143864 -0.876275
0.0141056 -0.703662
0.0202971 -0.836022
0.0266937 -0.766105
0.0347844 -0.9853912
0.0330382 -0.896
0.0324422 -0.794089
0.0325862 -0.733478
0.0376449 -0.9562111
0.0419523 -0.9231234
0.0450323 -0.825476
0.0468096 -0.708948
0.05133 -0.873373
0.052579 -0.754746
0.0585158 -0.848712
0.0629015 -0.9642489
0.0669996 -0.897092
0.0721799 -0.932643
0.074674 -0.795441
0.0795893 -0.746434
0.0789525 -0.687962
0.080503 -0.864965
0.0817833 -0.836708
0.0828166 -0.720409
0.0889533 -0.9743577
0.0925728 -0.659256
0.0972406 -0.9267483
0.096939 -0.890279
0.102988 -0.795379
0.100009 -0.76284
0.109111 -0.822557
0.108213 -0.730757
0.114277 -0.860522
0.114911 -0.701385
0.119612 -0.9859791
0.116379 -0.9487677
0.120559 -0.9162246
0.124338 -0.888698
0.127302 -0.785056
0.127734 -0.674847
0.135358 -0.733608
0.136394 -0.9654327
0.14307 -0.9342751
0.140268 -0.813968
0.146914 -0.9058651
0.146601 -0.756895
0.150017 -0.876969
0.148818 -0.847999
0.149777 -0.697914
0.153932 -0.9848893
0.152697 -0.641548
0.160444 -0.670656
0.16989 -0.894153
0.171926 -0.861416
0.168402 -0.800097
0.170687 -0.737659
0.175512 -0.709459
0.178653 -0.626251
0.181037 -0.9557949
0.18325 -0.9184427
0.183271 -0.83072
0.180019 -0.770842
0.180977 -0.65239
0.18683 -0.9838094
0.191421 -0.68142
0.199559 -0.897503
0.196303 -0.801246
0.200806 -0.743191
0.203483 -0.710181
0.206449 -0.9664077
0.206778 -0.610258
0.211921 -0.9248605
0.208593 -0.864938
0.209495 -0.835653
0.210789 -0.637837
0.219081 -0.766232
0.220634 -0.664268
0.225907 -0.891853
0.224084 -0.79343
0.227085 -0.740448
0.226249 -0.691933
0.229468 -0.9795176
0.22992 -0.9461953
0.232411 -0.855017
0.237838 -0.829952
0.238429 -0.714461
0.240353 -0.614317
0.244966 -0.652206
0.25141 -0.748601
0.248512 -0.678094
0.253331 -0.917266
0.258171 -0.9559742
0.257909 -0.814079
0.25734 -0.785868
0.263054 -0.882264
0.260531 -0.856561
0.264155 -0.713679
0.270892 -0.9882903
0.274488 -0.665623
0.276127 -0.9331384
0.27905 -0.833882
0.278529 -0.69106
0.279041 -0.634141
0.277329 -0.599342
0.282377 -0.802743
0.280241 -0.754207
0.284027 -0.898908
0.295588 -0.854365
0.293544 -0.731766
0.297148 -0.9594062
0.302756 -0.9847481
0.303888 -0.9291182
0.301726 -0.879731
0.301181 -0.706312
0.301373 -0.614892
0.304801 -0.817824
0.306631 -0.767404
0.30901 -0.668112
0.315419 -0.643256
0.318048 -0.794575
0.317944 -0.741671
0.320241 -0.90834
0.326014 -0.844172
0.327405 -0.594761
0.32817 -0.9729949
0.331718 -0.882289
0.331646 -0.818406
0.332929 -0.763505
0.340838 -0.9443993
0.340698 -0.72905
0.342819 -0.688812
0.34188 -0.622758
0.347654 -0.9029668
0.351645 -0.580046
0.352153 -0.99050971
0.353984 -0.868416
0.35217 -0.799187
0.356882 -0.772819
0.357246 -0.654432
0.362511 -0.831022
0.361965 -0.603857
0.364699 -0.717065
0.370887 -0.742403
0.370277 -0.628045
0.373385 -0.9582141
0.373342 -0.913922
0.374376 -0.681794
0.376685 -0.88396
0.377737 -0.851799
0.378655 -0.79183
0.382174 -0.766214
0.383612 -0.655687
0.380267 -0.579646
0.39065 -0.9346486
0.395237 -0.99539452
0.395935 -0.618512
0.399351 -0.807781
0.400792 -0.9667627
0.400587 -0.714919
0.400255 -0.679586
0.40934 -0.9017254
0.408317 -0.844273
0.409989 -0.754316
0.41057 -0.652817
0.412371 -0.871418
0.419214 -0.782311
0.421987 -0.99784584
0.42392 -0.62265
0.427788 -0.707887
0.429116 -0.9288446
0.4295 -0.679262
0.429948 -0.597108
0.434366 -0.963057
0.435269 -0.820476
0.438561 -0.651222
0.443354 -0.890263
0.44093 -0.733528
0.44767 -0.853231
0.444396 -0.769225
0.448948 -0.99003886
0.45164 -0.793973
0.450194 -0.624977
0.456509 -0.927384
0.456942 -0.712097
0.459308 -0.685344
0.46795 -0.9723385
0.467042 -0.826447
0.465224 -0.753538
0.465096 -0.657502
0.469534 -0.9043616
0.473496 -0.9471197
0.472186 -0.865238
0.48319 -0.773428
0.487857 -0.803018
0.653307 -0.021713
0.682277 -0.046727
0.681964 -0.017339
0.707355 -0.055166
0.708782 -0.018157
0.73447 -0.026086
0.746689 -0.06785
0.763858 -0.029754
0.788667 -0.062473
0.799585 -0.032178
0.820457 -0.059479
0.825665 -0.031323
0.857208 -0.029528
0.878656 -0.00413
0.921095 -0.010381
0.94749 -0.001212
0.00141317 0.490027
0.0033867 0.556974
0.00100323 0.897208
0.00692557 0.252589
0.00590505 0.809999
0.00603902 0.837284
0.00881819 0.092035
0.0106001 0.63697
0.00859374 0.680085
0.00962777 0.97566
0.0156179 0.0653618
0.0143864 0.123725
0.0141056 0.296338
0.0182673 0.366726
0.0162861 0.399968
0.0181575 0.456118
0.0192662 0.780912
0.0193663 0.923009
0.0202971 0.163978
0.0230667 0.747466
0.0211021 0.950754
0.0266937 0.233895
0.0274825 0.48246
0.0268486 0.6123
0.0261783 0.703249
0.027206 0.873781
0.0307825 0.341015
0.0311768 0.433155
0.0286932 0.511743
0.0296973 0.58266
0.0330382 0.104
0.0324422 0.205911
0.0325862 0.266522
0.0322205 0.315219
0.0339938 0.838142
0.0376449 0.0437889
0.0361862 0.546778
0.036208 0.646031
0.0380935 0.807613
0.0419523 0.0768766
0.042281 0.673748
0.0450323 0.174524
0.0468096 0.291052
0.0440194 0.369791
0.0461364 0.460924
0.0458522 0.909682
0.0445768 0.965867
0.05133 0.126627
0.0496863 0.725241
0.0516585 0.992303
0.052579 0.245254
0.052632 0.398287
0.0523039 0.624696
0.052489 0.75715
0.0538958 0.859745
0.0585158 0.151288
0.0560615 0.523628
0.0605815 0.485645
0.0622522 0.590001
0.0625728 0.648862
0.0608323 0.78412
0.0669996 0.102908
0.0649205 0.340599
0.0649817 0.562892
0.0642257 0.697535
0.0649689 0.812014
0.0660182 0.929332
0.0701191 0.371838
0.068156 0.886187
0.0721799 0.067357
0.074674 0.204559
0.0726796 0.416077
0.0753393 0.444824
0.0732316 0.741395
0.0795893 0.253566
0.0789525 0.312038
0.0766326 0.506891
0.080503 0.135035
0.0817833 0.163292
0.0828166 0.279591
0.0807042 0.541556
0.0806483 0.61701
0.0839878 0.663094
0.0838074 0.772558
0.0811596 0.844905
0.0819505 0.908281
0.0868033 0.960888
0.0865254 0.992527
0.0889086 0.58695
0.0912239 0.691521
0.0925728 0.340744
0.0924824 0.800104
0.096939 0.109721
0.0977122 0.385648
0.0983249 0.411989
0.102988 0.204621
0.100009 0.23716
0.100906 0.474296
0.102169 0.509641
0.103761 0.724258
0.101018 0.891051
0.107901 0.553628
0.104994 0.933751
0.109111 0.177443
0.108213 0.269243
0.108848 0.616081
0.10848 0.641684
0.109173 0.780219
0.114277 0.139478
0.114911 0.298615
0.11362 0.578556
0.115573 0.754508
0.115643 0.960045
0.113653 0.989072
0.117189 0.363396
0.118178 0.450026
0.117044 0.811194
0.118953 0.842486
0.119017 0.872244
0.12275 0.66347
0.124338 0.111302
0.127302 0.214944
0.127734 0.325153
0.124784 0.415255
0.127363 0.526956
0.128435 0.491061
0.130681 0.695339
0.129481 0.728127
0.131865 0.928552
0.135358 0.266392
0.134273 0.597321
0.133284 0.899311
0.138632 0.571308
0.13898 0.972287
0.140268 0.186032
0.14126 0.381841
0.143435 0.796342
0.146601 0.243105
0.147958 0.459669
0.145477 0.645297
0.144984 0.755149
0.150017 0.123031
0.148818 0.152001
0.149777 0.302086
0.150529 0.4058
0.150451 0.547413
0.15145 0.616342
0.150532 0.676831
0.152697 0.358452
0.154413 0.492698
0.152387 0.820561
0.153509 0.867368
0.158921 0.519944
0.158585 0.89324
0.160444 0.329344
0.161542 0.948252
0.16003 0.989261
0.166375 0.432272
0.16989 0.105847
0.171926 0.138584
0.168402 0.199903
0.170687 0.262341
0.170412 0.565104
0.170889 0.59147
0.16859 0.846714
0.175512 0.290541
0.173057 0.713123
0.174382 0.757063
0.178653 0.373749
0.178185 0.402565
0.176466 0.467402
0.179727 0.639339
0.177622 0.919296
0.17887 0.970292
0.183271 0.16928
0.180019 0.229158
0.180977 0.34761
0.181525 0.79544
0.187795 0.611656
0.186562 0.664205
0.187565 0.820621
0.191421 0.31858
0.191499 0.446168
0.190292 0.519242
0.190458 0.545077
0.190719 0.885274
0.193636 0.696867
0.195913 0.847213
0.196303 0.198754
0.197367 0.419572
0.196271 0.485668
0.198884 0.722038
0.200806 0.256809
0.203483 0.289819
0.206778 0.389742
0.206011 0.919755
0.208593 0.135062
0.209495 0.164347
0.210789 0.362163
0.211918 0.5814
0.209426 0.751143
0.20919 0.9499
0.214218 0.607643
0.212374 0.666998
0.213613 0.777449
0.213947 0.994634
0.219081 0.233768
0.21994 0.5443
0.216239 0.638485
0.21721 0.80999
0.220634 0.335732
0.221918 0.427778
0.2219 0.48647
0.220447 0.698872
0.224084 0.20657
0.227085 0.259552
0.226249 0.308067
0.226197 0.841563
0.227967 0.876126
0.224608 0.901875
0.228461 0.730593
0.232411 0.144983
0.232612 0.462865
0.232466 0.520532
0.234711 0.565314
0.235372 0.970765
0.237838 0.170048
0.238429 0.285539
0.239275 0.66103
0.239069 0.938168
0.240353 0.385683
0.241235 0.752767
0.24138 0.784322
0.244966 0.347794
0.246237 0.588176
0.246793 0.813022
0.25141 0.251399
0.248512 0.321906
0.248436 0.415356
0.250684 0.499531
0.255751 0.61885
0.252018 0.693776
0.253431 0.880044
0.257909 0.185921
0.25734 0.214132
0.257239 0.440398
0.257364 0.984351
0.260531 0.143439
0.261823 0.546738
0.262601 0.724901
0.26328 0.855773
0.260271 0.904985
0.264155 0.286321
0.265196 0.521382
0.264901 0.762952
0.265786 0.943515
0.270468 0.657287
0.268721 0.791299
0.274488 0.334377
0.275577 0.462489
0.27905 0.166118
0.278529 0.30894
0.279041 0.365859
0.277329 0.400658
0.27727 0.572402
0.27751 0.815727
0.282377 0.197257
0.280241 0.245793
0.28388 0.96492
0.286349 0.504457
0.286446 0.609043
0.284852 0.695842
0.284959 0.91741
0.289692 0.635305
0.291551 0.761075
0.289105 0.870999
0.288522 0.991284
0.295588 0.145635
0.293544 0.268234
0.293083 0.423936
0.295745 0.661733
0.294403 0.941358
0.298672 0.722794
0.299144 0.790955
0.301181 0.293688
0.301373 0.385108
0.300569 0.481982
0.302659 0.529732
0.300963 0.559348
0.304801 0.182176
0.306631 0.232596
0.306884 0.820931
0.306308 0.848959
0.30901 0.331888
0.311641 0.614394
0.310041 0.683606
0.309915 0.89952
0.315419 0.356744
0.312283 0.588506
0.315018 0.640724
0.318048 0.205425
0.317944 0.258329
0.316801 0.434584
0.317605 0.46281
0.317452 0.504862
0.317759 0.750162
0.31786 0.875061
0.31883 0.949889
0.316595 0.984996
0.326014 0.155828
0.327405 0.405239
0.32781 0.561317
0.327933 0.662993
0.32716 0.774271
0.331646 0.181594
0.331604 0.533167
0.330319 0.723179
0.332929 0.236495
0.332947 0.81734
0.332577 0.921094
0.33627 0.605693
0.336649 0.851359
0.340698 0.27095
0.342819 0.311188
0.34188 0.377242
0.340012 0.445503
0.342722 0.985485
0.345652 0.482753
0.345791 0.880448
0.351645 0.419954
0.349095 0.582644
0.351085 0.641947
0.350545 0.675007
0.351533 0.950136
0.35217 0.200813
0.355971 0.557633
0.355905 0.74548
0.355255 0.78904
0.356882 0.227181
0.357246 0.345568
0.357306 0.506224
0.356889 0.701764
0.362511 0.168978
0.361965 0.396143
0.36341 0.458435
0.360711 0.616253
0.364699 0.282935
0.366236 0.530848
0.364528 0.814304
0.36546 0.920316
0.370887 0.257597
0.370277 0.371955
0.374376 0.318206
0.372885 0.593003
0.373459 0.843077
0.374994 0.892719
0.377737 0.148201
0.378655 0.20817
0.379995 0.645932
0.376399 0.674214
0.382174 0.233786
0.383612 0.344313
0.380267 0.420354
0.382313 0.559449
0.382572 0.725452
0.38208 0.753145
0.383164 0.971525
0.391247 0.48302
0.389559 0.520106
0.388026 0.697596
0.395935 0.381488
0.393989 0.775913
0.395151 0.911039
0.399351 0.192219
0.396656 0.448451
0.398565 0.587138
0.396549 0.861622
0.398409 0.938136
0.400587 0.285081
0.400255 0.320414
0.401874 0.667427
0.406413 0.623224
0.407286 0.814622
0.408317 0.155727
0.409989 0.245684
0.41057 0.347183
0.409433 0.421373
0.408118 0.559475
0.411811 0.741779
0.409343 0.976642
0.413418 0.530851
0.419214 0.217689
0.419362 0.697179
0.416233 0.789561
0.416414 0.894924
0.42392 0.37735
0.420063 0.5025
0.422659 0.868447
0.422411 0.925961
0.423114 0.952387
0.427788 0.292113
0.426923 0.649572
0.4295 0.320738
0.429948 0.402892
0.429405 0.462536
0.429355 0.593866
0.435269 0.179524
0.43336 0.554992
0.433188 0.623765
0.435509 0.83569
0.438561 0.348778
0.439028 0.529667
0.436554 0.726286
0.436763 0.761682
0.44093 0.266472
0.440123 0.439167
0.442183 0.795839
0.440006 0.974362
0.44767 0.146769
0.444396 0.230775
0.444206 0.488881
0.447695 0.932561
0.45164 0.206027
0.450194 0.375023
0.450004 0.575156
0.449398 0.693916
0.449948 0.888965
0.452858 0.649274
0.456942 0.287903
0.459308 0.314656
0.457039 0.605275
0.461123 0.399376
0.461803 0.517773
0.462038 0.856691
0.467042 0.173553
0.465224 0.246462
0.465096 0.342498
0.466632 0.456771
0.46757 0.802557
0.468932 0.731702
0.468264 0.910288
0.472186 0.134762
0.474673 0.423387
0.475135 0.584646
0.47529 0.664318
0.473413 0.936266
0.475262 0.965627
0.476239 0.368354
0.47642 0.487715
0.479561 0.549013
0.479163 0.621319
0.479131 0.695279
0.47896 0.775433
0.477592 0.87713
0.48319 0.226572
0.480278 0.829827
0.487857 0.196982
0.484257 0.304764
0.491031 0.159112
0.489569 0.333685
0.494561 0.911949
0.494704 0.982596
0.497487 0.389668
0.499001 0.448667
0.497747 0.505203
0.49881 0.645948
0.500928 0.265133
0.503518 0.355139
0.503146 0.479637
0.500656 0.937652
0.50795 0.53591
0.505928 0.671225
0.504916 0.806413
0.509943 0.240266
0.50831 0.316068
0.508479 0.744501
0.510706 0.852114
0.512486 0.126152
0.512198 0.181604
0.512641 0.598161
0.515905 0.714224
0.512948 0.773756
0.518006 0.409075
0.51818 0.570684
0.516774 0.962097
0.517691 0.993806
0.522096 0.15253
0.523416 0.878762
0.521209 0.905162
0.525968 0.206518
0.524474 0.285269
0.525114 0.338621
0.524069 0.460044
0.527919 0.691055
0.531176 0.433376
0.535794 0.486588
0.532352 0.622791
0.533453 0.649618
0.534637 0.743968
0.535389 0.807445
0.5366 0.0955093
0.539906 0.127976
0.536649 0.237671
0.538908 0.551394
0.538696 0.58954
0.53648 0.837101
0.543454 0.383549
0.541622 0.777344
0.541344 0.932981
0.546985 0.322954
0.547232 0.514453
0.544297 0.968809
0.548879 0.173783
0.550709 0.260633
0.549096 0.409317
0.554427 0.356948
0.555204 0.903159
0.555784 0.998605
0.559493 0.0750422
0.559632 0.218152
0.556697 0.436996
0.558018 0.464687
0.558894 0.626831
0.556144 0.697008
0.558992 0.757226
0.562284 0.289933
0.561532 0.653539
0.560048 0.72893
0.563871 0.791043
0.562097 0.843942
0.563321 0.876981
0.564007 0.140843
0.565214 0.594704
0.568709 0.104781
0.571464 0.489848
0.569984 0.528061
0.568463 0.558028
0.573599 0.182509
0.575428 0.326024
0.575188 0.941152
0.578151 0.235959
0.579806 0.989304
0.58321 0.261329
0.582681 0.354787
0.58345 0.413942
0.582893 0.743796
0.583663 0.822943
0.585782 0.38459
0.584891 0.775872
0.589499 0.143116
0.589519 0.464048
0.589391 0.645358
0.589357 0.701853
0.590846 0.857806
0.591014 0.91016
0.595418 0.439019
0.595503 0.620096
0.593069 0.671251
0.597083 0.108374
0.598848 0.217765
0.599397 0.316193
0.596901 0.544467
0.603361 0.0204693
0.601241 0.0513163
0.6002 0.187979
0.600329 0.288291
0.600961 0.487894
0.601709 0.513931
0.601696 0.58492
0.6023 0.725138
0.602661 0.881454
0.60207 0.947587
0.606825 0.0793762
0.604777 0.759452
0.605885 0.994982
0.609392 0.34557
0.608675 0.372433
0.610951 0.836631
0.612921 0.157804
0.615172 0.255236
0.615474 0.789786
0.615847 0.917085
0.618556 0.427814
0.616228 0.971447
0.623964 0.227119
0.623864 0.644257
0.623629 0.81442
0.626262 0.13053
0.625251 0.317918
0.62704 0.403372
0.627025 0.475329
0.625225 0.551798
0.626568 0.578108
0.625078 0.616979
0.626556 0.670491
0.625425 0.737102
0.624763 0.862232
0.630189 0.105094
0.628007 0.709276
0.628634 0.940603
0.635669 0.272655
0.633679 0.527555
0.635625 0.761525
0.636055 0.0108917
0.63651 0.0541615
0.638279 0.0799442
0.63629 0.19388
0.639679 0.502216
0.642258 0.152769
0.642705 0.444963
0.646343 0.240026
0.644339 0.596957
0.646439 0.882014
0.65046 0.303009
0.649072 0.372822
0.651649 0.546836
0.650201 0.817415
0.649271 0.917033
0.653919 0.119284
0.655341 0.341514
0.654713 0.573425
0.653741 0.624655
0.65539 0.7441
0.655643 0.945265
0.653307 0.978287
0.656895 0.037181
0.65821 0.212198
0.658933 0.716204
0.657455 0.775443
0.657168 0.847574
0.661134 0.0051351
0.663149 0.0699711
0.663208 0.173571
0.660294 0.424162
0.663202 0.514336
0.664271 0.27224
0.667978 0.488406
0.670801 0.142449
0.670737 0.658037
0.669437 0.691182
0.671555 0.891183
0.67355 0.0952565
0.674923 0.317107
0.673575 0.389675
0.672251 0.457359
0.675602 0.536815
0.674262 0.827316
0.675657 0.928481
0.679703 0.612238
0.680249 0.348232
0.682353 0.569218
0.681557 0.866166
0.682277 0.953273
0.681964 0.982661
0.685541 0.0282007
0.685051 0.226851
0.687363 0.73012
0.685953 0.755765
0.691526 0.507585
0.690852 0.802297
0.694078 0.119556
0.692414 0.183214
0.693804 0.297512
0.692485 0.441642
0.695483 0.687928
0.698888 0.087467
0.699304 0.366563
0.701687 0.0513089
0.701266 0.152727
0.70238 0.259432
0.701772 0.322179
0.702724 0.470717
0.702194 0.539457
0.701663 0.641443
0.700477 0.828587
0.700678 0.916128
0.704758 0.418782
0.70656 0.85592
0.707355 0.944834
0.711173 0.393698
0.71066 0.743227
0.710937 0.78248
0.70962 0.883843
0.708782 0.981843
0.715651 0.00949347
0.715533 0.22673
0.7154 0.345364
0.713066 0.582172
0.712477 0.713704
0.717178 0.173267
0.719966 0.286956
0.719762 0.674611
0.721071 0.198804
0.720858 0.442476
0.722237 0.492098
0.727681 0.0691617
0.726841 0.370823
0.724843 0.611994
0.728031 0.0412313
0.730333 0.54242
0.728016 0.821499
0.735135 0.12447
0.732338 0.316386
0.735717 0.516731
0.732628 0.868301
0.732645 0.902309
0.73447 0.973914
0.737087 0.0929564
0.736545 0.742615
0.741524 0.0104295
0.742739 0.167045
0.741021 0.24407
0.740347 0.399564
0.740076 0.588262
0.741381 0.844183
0.74737 0.274308
0.744489 0.428614
0.745411 0.563084
0.745187 0.654372
0.746689 0.93215
0.749557 0.218481
0.748503 0.462118
0.749393 0.627314
0.74838 0.693743
0.74851 0.766505
0.749878 0.800597
0.755434 0.0380844
0.753027 0.143161
0.754344 0.347253
0.754085 0.376729
0.759378 0.19238
0.75694 0.499345
0.759287 0.896482
0.763858 0.970246
0.76601 0.099967
0.767342 0.41036
0.765804 0.545745
0.76647 0.713587
0.767342 0.847347
0.7693 0.0722596
0.769451 0.306903
0.769695 0.572193
0.769626 0.607163
0.772476 0.256799
0.774229 0.646066
0.774293 0.780736
0.779372 0.138303
0.779174 0.173834
0.778672 0.384056
0.78305 0.00110083
0.782972 0.046446
0.78138 0.209052
0.780679 0.441809
0.780809 0.750035
0.783666 0.827251
0.785271 0.359124
0.785404 0.483237
0.787734 0.670027
0.785242 0.880165
0.791727 0.236037
0.789984 0.330722
0.791721 0.908538
0.788667 0.937527
0.794807 0.0784042
0.79548 0.403881
0.79394 0.520243
0.795298 0.604037
0.793073 0.716543
0.797464 0.0241599
0.798035 0.111464
0.796025 0.286561
0.798946 0.573291
0.799585 0.967822
0.803814 0.377731
0.800351 0.546552
0.807826 0.182869
0.804733 0.260658
0.80459 0.640006
0.805416 0.741312
0.806067 0.767866
0.810762 0.352483
0.810756 0.474278
0.80992 0.809418
0.811763 0.844533
0.815959 0.138658
0.818844 0.225947
0.819512 0.592208
0.820585 0.0401555
0.820504 0.325945
0.820549 0.421481
0.820975 0.44902
0.821857 0.521596
0.821991 0.620191
0.823603 0.685679
0.823333 0.876653
0.820457 0.940521
0.825664 0.00847753
0.827227 0.295939
0.825 0.72462
0.825758 0.786078
0.829377 0.380392
0.829089 0.554281
0.830824 0.909686
0.834875 0.0842586
0.833302 0.170927
0.83308 0.269719
0.834496 0.830875
0.837055 0.354887
0.839006 0.648236
0.842481 0.118511
0.841994 0.146442
0.841548 0.478054
0.842818 0.80649
0.847458 0.0326818
0.846147 0.19586
0.846428 0.244217
0.847971 0.32882
0.847834 0.519601
0.844952 0.759053
0.85129 0.0015236
0.848572 0.424872
0.848214 0.600207
0.850701 0.685485
0.852725 0.0642884
0.854964 0.398499
0.858806 0.21812
0.857383 0.282563
0.85606 0.45335
0.856881 0.54817
0.856548 0.573855
0.856579 0.723401
0.858753 0.85353
0.861983 0.0886422
0.862507 0.631663
0.860047 0.826246
0.865962 0.167656
0.86666 0.350285
0.865173 0.658477
0.868466 0.117736
0.868921 0.376551
0.868884 0.783063
0.873977 0.193541
0.872537 0.256284
0.873786 0.480326
0.874605 0.517693
0.872933 0.700216
0.877071 0.0224781
0.876529 0.307657
0.882329 0.140178
0.884124 0.051221
0.887678 0.0782077
0.885207 0.218998
0.887495 0.547641
0.887906 0.61813
0.886727 0.67816
0.884651 0.760491
0.885683 0.826591
0.891342 0.104395
0.888524 0.332855
0.891904 0.395389
0.888247 0.436112
0.891589 0.720961
0.895421 0.170111
0.893467 0.461335
0.895078 0.592266
0.897913 0.252958
0.897529 0.292652
0.899442 0.363719
0.902657 0.508142
0.901606 0.64086
0.900292 0.784497
0.905334 0.0159992
0.907738 0.809804
0.90825 0.131257
0.910673 0.31686
0.908334 0.70133
0.915033 0.0580129
0.915286 0.229079
0.912769 0.478614
0.914656 0.56702
0.912767 0.747125
0.918733 0.430549
0.919592 0.533908
0.921319 0.177429
0.921894 0.20324
0.920521 0.38295
0.921588 0.59462
0.920208 0.660687
0.9257 0.720758
0.928783 0.0295748
0.929452 0.0825131
0.93143 0.149471
0.928887 0.336604
0.931048 0.619252
0.931534 0.688343
0.934594 0.122708
0.933814 0.40989
0.934371 0.460329
0.934822 0.764015
0.936247 0.265864
0.936835 0.307921
0.943387 0.0523267
0.940367 0.502406
0.942079 0.567882
0.944478 0.239981
0.946126 0.364156
0.950207 0.529461
0.950499 0.637691
0.948432 0.797428
0.952471 0.173372
0.954472 0.213802
0.95483 0.720595
0.95806 0.111733
0.958436 0.137404
0.957363 0.283951
0.957 0.435618
0.959546 0.673582
0.959507 0.773152
0.963023 0.0720357
0.961328 0.321379
0.96204 0.589851
0.962432 0.746321
0.967395 0.34843
0.971251 0.193144
0.969754 0.388224
0.968563 0.549098
0.975863 0.260187
0.973621 0.465601
0.972168 0.500877
0.975556 0.62081
0.976998 0.0332233
0.979873 0.655425
0.980119 0.0939181
0.980187 0.230986
0.983255 0.289418
0.987873 0.12801
0.986773 0.170899
0.984245 0.410474
0.984705 0.691338
0.991374 0.0545085
0.991473 0.361152
0.988534 0.57924
0.989924 0.775764
0.99357 0.445328
0.993985 0.733569
0.996323 0.206399
0.997434 0.327672
0.997948 0.525996
0.999655 0.603221
0.00141317 1.490027
0.0033867 1.556974
0.00100323 1.897208
0.00692557 1.252589
0.00590505 1.809999
0.00603902 1.837284
0.00803418 1.0223544
0.00881819 1.092035
0.0106001 1.63697
0.00859374 1.680085
0.00962777 1.97566
0.0156179 1.0653618
0.0143864 1.123725
0.0141056 1.296338
0.0182673 1.366726
0.0162861 1.399968
0.0181575 1.456118
0.0192662 1.780912
0.0193663 1.923009
0.0202971 1.163978
0.0230667 1.747466
0.0211021 1.950754
0.0266937 1.233895
0.0274825 1.48246
0.0268486 1.6123
0.0261783 1.703249
0.027206 1.873781
0.0307825 1.341015
0.0311768 1.433155
0.0286932 1.511743
0.0296973 1.58266
0.0347844 1.0146088
0.0330382 1.104
0.0324422 1.205911
0.0325862 1.266522
0.0322205 1.315219
0.0339938 1.838142
0.0376449 1.0437889
0.0361862 1.546778
0.036208 1.646031
0.0380935 1.807613
0.0419523 1.0768766
0.042281 1.673748
0.0450323 1.174524
0.0468096 1.291052
0.0440194 1.369791
0.0461364 1.460924
0.0458522 1.909682
0.0445768 1.965867
0.05133 1.126627
0.0496863 1.725241
0.0516585 1.992303
0.052579 1.245254
0.052632 1.398287
0.0523039 1.624696
0.052489 1.75715
0.0538958 1.859745
0.0585158 1.151288
0.0560615 1.523628
0.0629015 1.0357511
0.0605815 1.485645
0.0622522 1.590001
0.0625728 1.648862
0.0608323 1.78412
0.0669996 1.102908
0.0649205 1.340599
0.0649817 1.562892
0.0642257 1.697535
0.0649689 1.812014
0.0660182 1.929332
0.0701191 1.371838
0.068156 1.886187
0.0721799 1.067357
0.074674 1.204559
0.0726796 1.416077
0.0753393 1.444824
0.0732316 1.741395
0.0795893 1.253566
0.0789525 1.312038
0.0766326 1.506891
0.080503 1.135035
0.0817833 1.163292
0.0828166 1.279591
0.0807042 1.541556
0.0806483 1.61701
0.0839878 1.663094
0.0838074 1.772558
0.0811596 1.844905
0.0819505 1.908281
0.0868033 1.960888
0.0865254 1.992527
0.0889533 1.0256423
0.0889086 1.58695
0.0912239 1.691521
0.0925728 1.340744
0.0924824 1.800104
0.0972406 1.0732517
0.096939 1.109721
0.0977122 1.385648
0.0983249 1.411989
0.102988 1.204621
0.100009 1.23716
0.100906 1.474296
0.102169 1.509641
0.103761 1.724258
0.101018 1.891051
0.107901 1.553628
0.104994 1.933751
0.109111 1.177443
0.108213 1.269243
0.108848 1.616081
0.10848 1.641684
0.109173 1.780219
0.114277 1.139478
0.114911 1.298615
0.11362 1.578556
0.115573 1.754508
0.115643 1.960045
0.113653 1.989072
0.119612 1.0140209
0.116379 1.0512323
0.117189 1.363396
0.118178 1.450026
0.117044 1.811194
0.118953 1.842486
0.119017 1.872244
0.120559 1.0837754
0.12275 1.66347
0.124338 1.111302
0.127302 1.214944
0.127734 1.325153
0.124784 1.415255
0.127363 1.526956
0.128435 1.491061
0.130681 1.695339
0.129481 1.728127
0.131865 1.928552
0.135358 1.266392
0.134273 1.597321
0.133284 1.899311
0.136394 1.0345673
0.138632 1.571308
0.13898 1.972287
0.14307 1.0657249
0.140268 1.186032
0.14126 1.381841
0.143435 1.796342
0.146914 1.0941349
0.146601 1.243105
0.147958 1.459669
0.145477 1.645297
0.144984 1.755149
0.150017 1.123031
0.148818 1.152001
0.149777 1.302086
0.150529 1.4058
0.150451 1.547413
0.15145 1.616342
0.150532 1.676831
0.153932 1.0151107
0.152697 1.358452
0.154413 1.492698
0.152387 1.820561
0.153509 1.867368
0.158921 1.519944
0.158585 1.89324
0.160444 1.329344
0.161542 1.948252
0.16003 1.989261
0.166375 1.432272
0.16989 1.105847
0.171926 1.138584
0.168402 1.199903
0.170687 1.262341
0.170412 1.565104
0.170889 1.59147
0.16859 1.846714
0.175512 1.290541
0.173057 1.713123
0.174382 1.757063
0.178653 1.373749
0.178185 1.402565
0.176466 1.467402
0.179727 1.639339
0.177622 1.919296
0.17887 1.970292
0.181037 1.0442051
0.18325 1.0815573
0.183271 1.16928
0.180019 1.229158
0.180977 1.34761
0.181525 1.79544
0.18683 1.0161906
0.187795 1.611656
0.186562 1.664205
0.187565 1.820621
0.191421 1.31858
0.191499 1.446168
0.190292 1.519242
0.190458 1.545077
0.190719 1.885274
0.193636 1.696867
0.195913 1.847213
0.199559 1.102497
0.196303 1.198754
0.197367 1.419572
0.196271 1.485668
0.198884 1.722038
0.200806 1.256809
0.203483 1.289819
0.206449 1.0335923
0.206778 1.389742
0.206011 1.919755
0.211921 1.0751395
0.208593 1.135062
0.209495 1.164347
0.210789 1.362163
0.211918 1.5814
0.209426 1.751143
0.20919 1.9499
0.214218 1.607643
0.212374 1.666998
0.213613 1.777449
0.213947 1.994634
0.219081 1.233768
0.21994 1.5443
0.216239 1.638485
0.21721 1.80999
0.220634 1.335732
0.221918 1.427778
0.2219 1.48647
0.220447 1.698872
0.225907 1.108147
0.224084 1.20657
0.227085 1.259552
0.226249 1.308067
0.226197 1.841563
0.227967 1.876126
0.224608 1.901875
0.229468 1.0204824
0.22992 1.0538047
0.228461 1.730593
0.232411 1.144983
0.232612 1.462865
0.232466 1.520532
0.234711 1.565314
0.235372 1.970765
0.237838 1.170048
0.238429 1.285539
0.239275 1.66103
0.239069 1.938168
0.240353 1.385683
0.241235 1.752767
0.24138 1.784322
0.244966 1.347794
0.246237 1.588176
0.246793 1.813022
0.25141 1.251399
0.248512 1.321906
0.248436 1.415356
0.250684 1.499531
0.253331 1.082734
0.255751 1.61885
0.252018 1.693776
0.253431 1.880044
0.258171 1.0440258
0.257909 1.185921
0.25734 1.214132
0.257239 1.440398
0.257364 1.984351
0.263054 1.117736
0.260531 1.143439
0.261823 1.546738
0.262601 1.724901
0.26328 1.855773
0.260271 1.904985
0.264155 1.286321
0.265196 1.521382
0.264901 1.762952
0.265786 1.943515
0.270892 1.0117097
0.270468 1.657287
0.268721 1.791299
0.274488 1.334377
0.275577 1.462489
0.276127 1.0668616
0.27905 1.166118
0.278529 1.30894
0.279041 1.365859
0.277329 1.400658
0.27727 1.572402
0.27751 1.815727
0.282377 1.197257
0.280241 1.245793
0.28388 1.96492
0.284027 1.101092
0.286349 1.504457
0.286446 1.609043
0.284852 1.695842
0.284959 1.91741
0.289692 1.635305
0.291551 1.761075
0.289105 1.870999
0.288522 1.991284
0.295588 1.145635
0.293544 1.268234
0.293083 1.423936
0.295745 1.661733
0.294403 1.941358
0.297148 1.0405938
0.298672 1.722794
0.299144 1.790955
0.302756 1.0152519
0.303888 1.0708818
0.301726 1.120269
0.301181 1.293688
0.301373 1.385108
0.300569 1.481982
0.302659 1.529732
0.300963 1.559348
0.304801 1.182176
0.306631 1.232596
0.306884 1.820931
0.306308 1.848959
0.30901 1.331888
0.311641 1.614394
0.310041 1.683606
0.309915 1.89952
0.315419 1.356744
0.312283 1.588506
0.315018 1.640724
0.318048 1.205425
0.317944 1.258329
0.316801 1.434584
0.317605 1.46281
0.317452 1.504862
0.317759 1.750162
0.31786 1.875061
0.31883 1.949889
0.316595 1.984996
0.320241 1.09166
0.326014 1.155828
0.327405 1.405239
0.32781 1.561317
0.327933 1.662993
0.32716 1.774271
0.32817 1.0270051
0.331718 1.117711
0.331646 1.181594
0.331604 1.533167
0.330319 1.723179
0.332929 1.236495
0.332947 1.81734
0.332577 1.921094
0.33627 1.605693
0.336649 1.851359
0.340838 1.0556007
0.340698 1.27095
0.342819 1.311188
0.34188 1.377242
0.340012 1.445503
0.342722 1.985485
0.347654 1.0970332
0.345652 1.482753
0.345791 1.880448
0.351645 1.419954
0.349095 1.582644
0.351085 1.641947
0.350545 1.675007
0.351533 1.950136
0.352153 1.00949029
0.353984 1.131584
0.35217 1.200813
0.355971 1.557633
0.355905 1.74548
0.355255 1.78904
0.356882 1.227181
0.357246 1.345568
0.357306 1.506224
0.356889 1.701764
0.362511 1.168978
0.361965 1.396143
0.36341 1.458435
0.360711 1.616253
0.364699 1.282935
0.366236 1.530848
0.364528 1.814304
0.36546 1.920316
0.370887 1.257597
0.370277 1.371955
0.373385 1.0417859
0.373342 1.086078
0.374376 1.318206
0.372885 1.593003
0.373459 1.843077
0.374994 1.892719
0.376685 1.11604
0.377737 1.148201
0.378655 1.20817
0.379995 1.645932
0.376399 1.674214
0.382174 1.233786
0.383612 1.344313
0.380267 1.420354
0.382313 1.559449
0.382572 1.725452
0.38208 1.753145
0.383164 1.971525
0.39065 1.0653514
0.391247 1.48302
0.389559 1.520106
0.388026 1.697596
0.395237 1.00460548
0.395935 1.381488
0.393989 1.775913
0.395151 1.911039
0.399351 1.192219
0.396656 1.448451
0.398565 1.587138
0.396549 1.861622
0.398409 1.938136
0.400792 1.0332373
0.400587 1.285081
0.400255 1.320414
0.401874 1.667427
0.406413 1.623224
0.407286 1.814622
0.40934 1.0982746
0.408317 1.155727
0.409989 1.245684
0.41057 1.347183
0.409433 1.421373
0.408118 1.559475
0.411811 1.741779
0.409343 1.976642
0.412371 1.128582
0.413418 1.530851
0.419214 1.217689
0.419362 1.697179
0.416233 1.789561
0.416414 1.894924
0.421987 1.00215416
0.42392 1.37735
0.420063 1.5025
0.422659 1.868447
0.422411 1.925961
0.423114 1.952387
0.427788 1.292113
0.426923 1.649572
0.429116 1.0711554
0.4295 1.320738
0.429948 1.402892
0.429405 1.462536
0.429355 1.593866
0.434366 1.036943
0.435269 1.179524
0.43336 1.554992
0.433188 1.623765
0.435509 1.83569
0.438561 1.348778
0.439028 1.529667
0.436554 1.726286
0.436763 1.761682
0.443354 1.109737
0.44093 1.266472
0.440123 1.439167
0.442183 1.795839
0.440006 1.974362
0.44767 1.146769
0.444396 1.230775
0.444206 1.488881
0.447695 1.932561
0.448948 1.00996114
0.45164 1.206027
0.450194 1.375023
0.450004 1.575156
0.449398 1.693916
0.449948 1.888965
0.452858 1.649274
0.456509 1.072616
0.456942 1.287903
0.459308 1.314656
0.457039 1.605275
0.461123 1.399376
0.461803 1.517773
0.462038 1.856691
0.46795 1.0276615
0.467042 1.173553
0.465224 1.246462
0.465096 1.342498
0.466632 1.456771
0.46757 1.802557
0.469534 1.0956384
0.468932 1.731702
0.468264 1.910288
0.473496 1.0528803
0.472186 1.134762
0.474673 1.423387
0.475135 1.584646
0.47529 1.664318
0.476239 1.368354
0.47642 1.487715
0.479561 1.549013
0.479163 1.621319
0.479131 1.695279
0.47896 1.775433
0.477592 1.87713
0.480086 1.0037442
0.48319 1.226572
0.480278 1.829827
0.487857 1.196982
0.484257 1.304764
0.491031 1.159112
0.489569 1.333685
0.495193 1.104307
0.499957 1.0205168
0.49785 1.0757892
0.497487 1.389668
0.499001 1.448667
0.497747 1.505203
0.49881 1.645948
0.500928 1.265133
0.503518 1.355139
0.503146 1.479637
0.50795 1.53591
0.505928 1.671225
0.504916 1.806413
0.509943 1.240266
0.50831 1.316068
0.508479 1.744501
0.514467 1.0517507
0.512486 1.126152
0.512198 1.181604
0.512641 1.598161
0.515905 1.714224
0.512948 1.773756
0.518006 1.409075
0.51818 1.570684
0.522096 1.15253
0.525968 1.206518
0.524474 1.285269
0.525114 1.338621
0.524069 1.460044
0.527919 1.691055
0.531176 1.433376
0.533078 1.0157454
0.535794 1.486588
0.532352 1.622791
0.533453 1.649618
0.534637 1.743968
0.5366 1.0955093
0.539906 1.127976
0.536649 1.237671
0.538908 1.551394
0.538696 1.58954
0.543454 1.383549
0.544614 1.0487911
0.546985 1.322954
0.547232 1.514453
0.548879 1.173783
0.550709 1.260633
0.549096 1.409317
0.554427 1.356948
0.558177 1.0259301
0.559493 1.0750422
0.559632 1.218152
0.556697 1.436996
0.558018 1.464687
0.558894 1.626831
0.556144 1.697008
0.562284 1.289933
0.561532 1.653539
0.564007 1.140843
0.565214 1.594704
0.571057 1.0502664
0.568709 1.104781
0.571464 1.489848
0.569984 1.528061
0.568463 1.558028
0.573599 1.182509
0.575428 1.326024
0.578151 1.235959
0.58321 1.261329
0.582681 1.354787
0.58345 1.413942
0.585782 1.38459
0.589499 1.143116
0.589519 1.464048
0.595418 1.439019
0.597083 1.108374
0.598848 1.217765
0.599397 1.316193
0.596901 1.544467
0.603361 1.0204693
0.601241 1.0513163
0.6002 1.187979
0.600329 1.288291
0.600961 1.487894
0.601709 1.513931
0.606825 1.0793762
0.609392 1.34557
0.608675 1.372433
0.612921 1.157804
0.615172 1.255236
0.618556 1.427814
0.623964 1.227119
0.626262 1.13053
0.625251 1.317918
0.62704 1.403372
0.627025 1.475329
0.630189 1.105094
0.635669 1.272655
0.636055 1.0108917
0.63651 1.0541615
0.638279 1.0799442
0.63629 1.19388
0.642258 1.152769
0.646343 1.240026
0.65046 1.303009
0.649072 1.372822
0.653919 1.119284
0.655341 1.341514
0.656895 1.037181
0.65821 1.212198
0.661134 1.0051351
0.663149 1.0699711
0.663208 1.173571
0.664271 1.27224
0.670801 1.142449
0.67355 1.0952565
0.674923 1.317107
0.685541 1.0282007
0.685051 1.226851
0.694078 1.119556
0.692414 1.183214
0.698888 1.087467
0.701687 1.0513089
0.701266 1.152727
0.715651 1.00949347
0.717178 1.173267
0.727681 1.0691617
0.728031 1.0412313
0.735135 1.12447
0.737087 1.0929564
0.741524 1.0104295
0.755434 1.0380844
0.78305 1.00110083
0.00692557 2.252589
0.00803418 2.0223544
0.00881819 2.092035
0.0156179 2.0653618
0.0143864 2.123725
0.0141056 2.296338
0.0182673 2.366726
0.0202971 2.163978
0.0266937 2.233895
0.0307825 2.341015
0.0347844 2.0146088
0.0330382 2.104
0.0324422 2.205911
0.0325862 2.266522
0.0322205 2.315219
0.0376449 2.0437889
0.0419523 2.0768766
0.0450323 2.174524
0.0468096 2.291052
0.0440194 2.369791
0.05133 2.126627
0.052579 2.245254
0.0585158 2.151288
0.0629015 2.0357511
0.0669996 2.102908
0.0649205 2.340599
0.0701191 2.371838
0.0721799 2.067357
0.074674 2.204559
0.0795893 2.253566
0.0789525 2.312038
0.080503 2.135035
0.0817833 2.163292
0.0828166 2.279591
0.0889533 2.0256423
0.0925728 2.340744
0.0972406 2.0732517
0.096939 2.109721
0.102988 2.204621
0.100009 2.23716
0.109111 2.177443
0.108213 2.269243
0.114277 2.139478
0.114911 2.298615
0.119612 2.0140209
0.116379 2.0512323
0.120559 2.0837754
0.124338 2.111302
0.127302 2.214944
0.127734 2.325153
0.135358 2.266392
0.136394 2.0345673
0.14307 2.0657249
0.140268 2.186032
0.146914 2.0941349
0.146601 2.243105
0.150017 2.123031
0.148818 2.152001
0.149777 2.302086
0.153932 2.0151107
0.160444 2.329344
0.16989 2.105847
0.171926 2.138584
0.168402 2.199903
0.170687 2.262341
0.175512 2.290541
0.181037 2.0442051
0.18325 2.0815573
0.183271 2.16928
0.180019 2.229158
0.18683 2.0161906
0.199559 2.102497
0.196303 2.198754
0.200806 2.256809
0.203483 2.289819
0.206449 2.0335923
0.211921 2.0751395
0.208593 2.135062
0.209495 2.164347
0.219081 2.233768
0.225907 2.108147
0.224084 2.20657
0.227085 2.259552
0.229468 2.0204824
0.22992 2.0538047
0.232411 2.144983
0.237838 2.170048
0.25141 2.251399
0.253331 2.082734
0.258171 2.0440258
0.257909 2.185921
0.25734 2.214132
0.263054 2.117736
0.260531 2.143439
0.270892 2.0117097
0.276127 2.0668616
0.27905 2.166118
0.282377 2.197257
0.284027 2.101092
0.295588 2.145635
0.297148 2.0405938
0.302756 2.0152519
0.303888 2.0708818
0.301726 2.120269
0.304801 2.182176
0.320241 2.09166
0.326014 2.155828
0.32817 2.0270051
0.331718 2.117711
0.340838 2.0556007
0.347654 2.0970332
0.352153 2.00949029
0.373385 2.0417859
0.373342 2.086078
0.39065 2.0653514
0.395237 2.00460548
0.400792 2.0332373
0.421987 2.00215416
1.00141317 0.490027
1.0033867 0.556974
1.00692557 0.252589
1.00881819 0.092035
1.0106001 0.63697
1.00859374 0.680085
1.0156179 0.0653618
1.0143864 0.123725
1.0141056 0.296338
1.0182673 0.366726
1.0162861 0.399968
1.0181575 0.456118
1.0202971 0.163978
1.0230667 0.747466
1.0266937 0.233895
1.0274825 0.48246
1.0268486 0.6123
1.0261783 0.703249
1.0307825 0.341015
1.0311768 0.433155
1.0286932 0.511743
1.0296973 0.58266
1.0330382 0.104
1.0324422 0.205911
1.0325862 0.266522
1.0322205 0.315219
1.0361862 0.546778
1.036208 0.646031
1.0419523 0.0768766
1.042281 0.673748
1.0450323 0.174524
1.0468096 0.291052
1.0440194 0.369791
1.0461364 0.460924
1.05133 0.126627
1.0496863 0.725241
1.052579 0.245254
1.052632 0.398287
1.0523039 0.624696
1.0585158 0.151288
1.0560615 0.523628
1.0605815 0.485645
1.0622522 0.590001
1.0625728 0.648862
1.0669996 0.102908
1.0649205 0.340599
1.0649817 0.562892
1.0642257 0.697535
1.0701191 0.371838
1.074674 0.204559
1.0726796 0.416077
1.0753393 0.444824
1.0732316 0.741395
1.0795893 0.253566
1.0789525 0.312038
1.0766326 0.506891
1.080503 0.135035
1.0817833 0.163292
1.0828166 0.279591
1.0807042 0.541556
1.0806483 0.61701
1.0839878 0.663094
1.0889086 0.58695
1.0912239 0.691521
1.0925728 0.340744
1.096939 0.109721
1.0977122 0.385648
1.0983249 0.411989
1.102988 0.204621
1.100009 0.23716
1.100906 0.474296
1.102169 0.509641
1.103761 0.724258
1.107901 0.553628
1.109111 0.177443
1.108213 0.269243
1.108848 0.616081
1.10848 0.641684
1.114277 0.139478
1.114911 0.298615
1.11362 0.578556
1.117189 0.363396
1.118178 0.450026
1.12275 0.66347
1.124338 0.111302
1.127302 0.214944
1.127734 0.325153
1.124784 0.415255
1.127363 0.526956
1.128435 0.491061
1.130681 0.695339
1.129481 0.728127
1.135358 0.266392
1.134273 0.597321
1.138632 0.571308
1.140268 0.186032
1.14126 0.381841
1.146601 0.243105
1.147958 0.459669
1.145477 0.645297
1.148818 0.152001
1.149777 0.302086
1.150529 0.4058
1.150451 0.547413
1.15145 0.616342
1.150532 0.676831
1.152697 0.358452
1.154413 0.492698
1.158921 0.519944
1.160444 0.329344
1.166375 0.432272
1.168402 0.199903
1.170687 0.262341
1.170412 0.565104
1.170889 0.59147
1.175512 0.290541
1.173057 0.713123
1.178653 0.373749
1.178185 0.402565
1.176466 0.467402
1.179727 0.639339
1.183271 0.16928
1.180019 0.229158
1.180977 0.34761
1.187795 0.611656
1.186562 0.664205
1.191421 0.31858
1.191499 0.446168
1.190292 0.519242
1.190458 0.545077
1.193636 0.696867
1.196303 0.198754
1.197367 0.419572
1.196271 0.485668
1.200806 0.256809
1.203483 0.289819
1.206778 0.389742
1.210789 0.362163
1.211918 0.5814
1.214218 0.607643
1.212374 0.666998
1.219081 0.233768
1.21994 0.5443
1.216239 0.638485
1.220634 0.335732
1.221918 0.427778
1.2219 0.48647
1.220447 0.698872
1.224084 0.20657
1.227085 0.259552
1.226249 0.308067
1.232612 0.462865
1.232466 0.520532
1.234711 0.565314
1.238429 0.285539
1.239275 0.66103
1.240353 0.385683
1.244966 0.347794
1.246237 0.588176
1.25141 0.251399
1.248512 0.321906
1.248436 0.415356
1.250684 0.499531
1.255751 0.61885
1.252018 0.693776
1.257239 0.440398
1.261823 0.546738
1.264155 0.286321
1.265196 0.521382
1.270468 0.657287
1.274488 0.334377
1.275577 0.462489
1.278529 0.30894
1.279041 0.365859
1.277329 0.400658
1.27727 0.572402
1.286349 0.504457
1.286446 0.609043
1.289692 0.635305
1.293544 0.268234
1.293083 0.423936
1.295745 0.661733
1.301181 0.293688
1.301373 0.385108
1.300569 0.481982
1.302659 0.529732
1.300963 0.559348
1.30901 0.331888
1.311641 0.614394
1.315419 0.356744
1.312283 0.588506
1.315018 0.640724
1.316801 0.434584
1.317605 0.46281
1.317452 0.504862
1.327405 0.405239
1.32781 0.561317
1.327933 0.662993
1.331604 0.533167
1.33627 0.605693
1.34188 0.377242
1.340012 0.445503
1.345652 0.482753
1.351645 0.419954
1.349095 0.582644
1.351085 0.641947
1.355971 0.557633
1.357246 0.345568
1.357306 0.506224
1.361965 0.396143
1.36341 0.458435
1.360711 0.616253
1.366236 0.530848
1.370277 0.371955
1.372885 0.593003
1.380267 0.420354
1.382313 0.559449
1.391247 0.48302
1.389559 0.520106
1.396656 0.448451
1.398565 0.587138
1.408118 0.559475
1.413418 0.530851
1.420063 0.5025
